Subject,age,race,race_7_TEXT,maritalstatus,education,yearseducation,english.as.a.first.language,if.not.english.then.what,english.comfort.talk,english.comfort.read,usstate,Children,Children_number,Siblings,Siblings_2_number,Church,Household income,employmentindustry,OverallHealth,BFI.1_1,BFI.1_2,BFI.1_3,BFI.1_4,BFI.1_5,BFI.1_6,BFI.1_7,BFI.1_8,BFI.1_9,BFI.1_10,BFI.2_1,BFI.2_2,BFI.2_3,BFI.2_4,BFI.2_5,BFI.2_6,BFI.2_7,BFI.2_8,BFI.2_9,BFI.2_10,BFI.3_1,BFI.3_2,BFI.3_3,BFI.3_4,BFI.3_5,BFI.3_6,BFI.3_7,BFI.3_8,BFI.3_9,BFI.3_10,BFI.4_1,BFI.4_2,BFI.4_3,BFI.4_4,BFI.4_5,BFI.4_6,BFI.4_7,BFI.4_8,BFI.4_9,BFI.4_10,BFI.5_1,BFI.5_2,BFI.5_3,BFI.5_4,BFI.5_5,BFI.5_6,BFI.5_7,BFI.5_8,BFI.5_9,BFI.5_10,BFI.6_1,BFI.6_2,BFI.6_3,BFI.6_4,BFI.6_5,BFI.6_6,BFI.6_7,BFI.6_8,BFI.6_9,BFI.6_10,BFI_E,BFI_A,BFI_C,BFI_N,BFI_O
1,76,White,,Divorced,Master's degree,18,Yes,,Very comfortable,Very comfortable,Missouri,"Yes, I have ___ children",4,"Yes, I have ___ siblings",3,Yes,"$50,000 - $74,999","Management, professional, and related",Excellent,5,5,2,5,1,5,5,2,5,5,2,2,5,1,5,2,5,4,2,5,5,1,1,5,1,1,5,2,5,1,2,5,2,1,5,2,2,5,1,5,5,1,5,5,1,4,1,2,5,1,2,5,5,1,1,5,5,2,1,5,54,54,51,13,60
2,71,White,,Widowed,Bachelor's degree,16,Yes,,Very comfortable,Very comfortable,Kentucky,"Yes, I have ___ children",3,"Yes, I have ___ siblings",3,No,"$10,000 - $19,999",Retired,Good,2,5,4,5,1,4,5,5,5,5,1,1,3,1,3,4,1,4,1,5,1,1,4,5,1,3,4,4,5,2,2,5,2,1,5,5,2,3,1,4,3,2,3,4,1,3,1,3,5,1,5,4,4,1,1,3,5,3,1,2,32,56,32,13,53
3,68,White,,Divorced,"Some college, no degree",15,Yes,,Very comfortable,Very comfortable,Indiana,"Yes, I have ___ children",2,"Yes, I have ___ siblings",11,No,"$10,000 - $19,999",Retired,Excellent,4,5,1,5,1,5,5,1,5,5,2,1,5,1,5,4,1,5,1,5,4,1,1,5,1,1,4,1,5,1,4,5,4,1,5,2,1,5,1,4,5,2,5,5,1,4,1,1,5,2,1,5,5,1,1,4,4,1,1,5,48,57,59,12,58
4,61,White,,Single,"Some college, no degree",13,Yes,,Very comfortable,Very comfortable,Washington,No,0,No,0,No,"Under $10,000",Sales and office,Fair,4,5,2,1,1,2,4,2,4,5,2,3,5,1,4,4,2,5,5,5,1,1,2,5,1,4,4,2,1,1,4,5,3,4,5,2,2,4,2,5,2,3,5,2,1,2,1,1,2,1,4,5,5,2,1,2,3,1,4,5,29,50,53,39,59
5,72,White,,Divorced,Bachelor's degree,16,Yes,,Very comfortable,Very comfortable,Florida,"Yes, I have ___ children",2,"Yes, I have ___ siblings",3,No,"$20,000 - $34,999",Service,Fair,4,5,1,5,1,4,5,1,4,5,4,1,5,1,5,4,1,5,1,5,4,1,1,5,1,5,4,1,5,1,1,5,5,1,5,3,1,5,1,5,1,1,5,4,1,2,1,1,5,1,1,5,5,1,2,2,5,1,1,5,35,59,60,14,59
6,75,White,,Married,Master's degree,20,Yes,,Very comfortable,Very comfortable,Michigan,"Yes, I have ___ children",3,No,0,No,"$100,000 - $150,000",Retired,Very good,2,4,1,4,3,1,5,2,5,3,1,1,5,1,1,5,1,5,3,4,1,1,1,5,5,1,1,1,4,5,5,4,5,2,5,3,1,5,1,1,2,1,5,5,2,1,3,1,3,2,5,5,5,1,5,5,5,1,1,1,28,52,59,19,29
7,60,White,,Married,Associate degree,14,Yes,,Very comfortable,Very comfortable,Georgia,"Yes, I have ___ children",3,"Yes, I have ___ siblings",2,Yes,"$50,000 - $74,999","Management, professional, and related",Fair,5,5,2,4,3,2,5,1,5,4,1,1,5,1,3,3,1,3,2,3,2,1,1,4,2,2,5,2,5,3,3,5,5,1,5,4,1,4,1,2,4,3,5,5,3,3,1,1,4,3,3,5,5,1,3,4,3,1,1,3,40,56,55,16,39
8,72,White,,Divorced,High school degree or equivalent,12,Yes,,Very comfortable,Very comfortable,Illinois,"Yes, I have ___ children",1,"Yes, I have ___ siblings",1,No,"$10,000 - $19,999",Retired,Excellent,3,5,2,1,2,3,5,1,3,5,2,3,4,5,4,2,1,3,5,5,3,1,3,5,2,1,3,2,1,1,2,4,4,5,5,3,1,4,4,5,5,3,5,2,1,4,1,1,1,1,1,5,5,4,2,4,3,1,5,4,47,51,51,51,55
9,63,White,,Widowed,Associate degree,14,Yes,,Very comfortable,Very comfortable,California,No,0,"Yes, I have ___ siblings",1,No,"$35,000 - $49,999",Sales and office,Good,2,5,3,3,1,1,5,3,2,3,4,1,5,3,4,5,1,2,3,5,1,1,3,3,1,4,4,3,3,1,4,4,3,4,5,1,1,3,5,5,1,5,4,3,1,3,3,2,2,1,4,4,4,5,1,1,1,3,3,5,23,47,40,43,57
10,61,White,,Separated,Bachelor's degree,25,Yes,,Very comfortable,Very comfortable,Pennsylvania,"Yes, I have ___ children",2,"Yes, I have ___ siblings",1,No,"$10,000 - $19,999",Sales and office,Good,3,2,4,2,3,4,4,2,3,5,2,3,3,2,4,2,3,5,4,5,3,1,4,2,4,4,2,4,3,3,2,2,2,4,5,4,3,2,3,4,2,5,5,3,2,3,3,1,1,1,1,4,2,3,3,2,2,2,3,2,38,34,38,41,45
11,78,White,,Married,"Some college, no degree",13,Yes,,Very comfortable,Comfortable,Pennsylvania,"Yes, I have ___ children",2,No,0,No,"$50,000 - $74,999",Retired,Fair,4,5,2,3,2,4,4,4,4,4,3,4,4,4,3,2,2,4,2,4,4,2,4,4,3,4,3,2,4,3,2,4,4,2,4,3,3,4,2,2,3,4,4,3,4,3,2,2,3,4,3,4,4,2,4,4,3,2,3,4,41,42,44,30,37
12,61,Hispanic,,Single,Bachelor's degree,17,Yes,,Very comfortable,Very comfortable,California,No,0,"Yes, I have ___ siblings",2,No,"$50,000 - $74,999",Sales and office,Good,3,4,1,3,1,3,4,1,3,5,3,4,5,3,3,4,2,5,3,5,2,4,2,4,2,3,1,1,4,1,4,4,5,1,5,3,3,5,2,3,2,4,5,4,1,2,3,1,3,1,4,5,5,1,1,3,3,1,3,3,30,37,59,28,53
13,84,White,,Divorced,Bachelor's degree,16,Yes,,Very comfortable,Very comfortable,Oregon,"Yes, I have ___ children",1,"Yes, I have ___ siblings",3,No,"$20,000 - $34,999",Retired,Good,4,5,2,4,1,4,5,2,4,5,1,2,4,1,5,4,1,4,2,5,2,1,3,5,1,4,3,2,4,1,2,5,3,2,5,3,2,4,2,5,3,2,4,,3,4,1,1,4,1,4,4,4,1,1,4,4,1,2,5,39,53,48,19,58
14,66,White,,Married,High school degree or equivalent,12,Yes,,Very comfortable,Very comfortable,South Carolina,"Yes, I have ___ children",2,"Yes, I have ___ siblings",3,No,"$20,000 - $34,999",Retired,Very good,1,5,2,4,3,1,5,2,4,4,1,1,4,1,4,5,1,4,2,4,1,1,1,4,1,2,4,2,4,2,4,5,4,4,4,2,1,5,1,4,4,2,5,4,2,1,1,2,4,3,4,5,5,1,1,4,4,1,2,4,30,57,53,23,48
15,64,White,,Divorced,Master's degree,18,Yes,,Very comfortable,Very comfortable,Texas,"Yes, I have ___ children",2,"Yes, I have ___ siblings",1,Yes,"$100,000 - $150,000","Management, professional, and related",Very good,4,4,1,5,1,3,5,1,5,5,1,2,5,1,5,4,1,4,1,4,4,1,1,4,1,2,5,1,5,1,4,5,4,1,4,2,2,5,1,4,4,1,5,4,1,4,1,1,4,2,3,5,5,1,1,5,5,1,1,5,44,57,58,15,56
16,60,White,,Single,"Some college, no degree",13,Yes,,Very comfortable,Very comfortable,Washington,No,0,"Yes, I have ___ siblings",1,No,"$35,000 - $49,999","Production, transportation, and material moving",Good,5,4,1,5,4,4,5,1,4,5,2,2,5,1,4,3,2,5,1,4,4,1,2,5,1,2,3,1,5,2,1,5,4,1,4,1,2,5,1,5,4,2,5,5,2,4,2,1,5,4,1,5,5,1,1,4,4,2,1,4,51,51,57,13,48
17,65,White,,Married,Associate degree,14,Yes,,Very comfortable,Very comfortable,Tennessee,"Yes, I have ___ children",3,"Yes, I have ___ siblings",2,No,"$35,000 - $49,999",Retired,Good,1,5,5,1,2,1,5,4,3,5,2,3,4,4,2,3,1,2,4,5,1,1,5,3,1,4,5,2,1,4,5,4,1,4,5,5,1,2,4,5,1,3,4,2,2,3,1,1,1,2,5,5,2,5,1,1,2,1,4,1,20,52,33,50,47
18,60,White,,Widowed,Associate degree,14,Yes,,Very comfortable,Very comfortable,Michigan,"Yes, I have ___ children",2,"Yes, I have ___ siblings",3,Yes,"$50,000 - $74,999","Management, professional, and related",Very good,5,5,1,5,1,4,5,1,5,5,1,1,5,1,4,2,1,5,2,4,5,1,1,5,1,1,5,1,5,1,1,5,5,1,5,2,1,5,1,5,5,1,5,5,1,5,1,1,1,1,1,5,5,1,1,5,5,1,1,5,57,60,60,17,58
19,60,Black or African American,,Single,"Some college, no degree",16,Yes,,Very comfortable,Very comfortable,Mississippi,"Yes, I have ___ children",3,"Yes, I have ___ siblings",6,Yes,"$20,000 - $34,999",Retired,Poor,1,5,1,5,1,1,5,1,5,4,4,3,5,1,1,5,1,,1,1,3,1,1,5,1,5,5,1,4,5,4,5,5,5,3,5,1,5,3,5,1,4,5,4,1,1,1,1,4,5,3,5,5,1,1,3,3,1,1,3,20,53,55,21,39
20,60,White,,Married,Master's degree,18,Yes,,Very comfortable,Very comfortable,Ohio,"Yes, I have ___ children",3,"Yes, I have ___ siblings",2,No,"$100,000 - $150,000",Sales and office,Very good,4,5,1,5,1,1,5,1,5,5,1,1,5,1,5,4,1,5,3,4,3,1,1,5,1,1,5,1,5,1,2,5,5,4,5,1,1,5,1,5,5,1,5,5,1,3,1,1,3,1,3,5,5,1,1,5,5,1,1,5,45,60,60,19,59
21,63,White,,Divorced,Master's degree,21,Yes,,Very comfortable,Very comfortable,Arkansas,"Yes, I have ___ children",2,No,0,No,"$20,000 - $34,999",Retired,Very good,4,4,1,4,1,3,5,1,5,5,1,1,5,1,4,3,1,5,1,5,3,1,1,5,1,4,5,1,5,1,4,4,4,1,5,2,1,5,3,5,4,2,5,5,1,3,1,1,3,1,3,5,5,1,1,4,3,1,1,5,40,55,59,17,59
22,60,Black or African American,,Married,"Some college, no degree",12,Yes,,Very comfortable,Very comfortable,Mississippi,"Yes, I have ___ children",2,"Yes, I have ___ siblings",6,Yes,"$35,000 - $49,999",Retired,Poor,2,5,2,3,2,1,5,1,2,5,2,4,4,2,3,2,1,4,4,4,1,1,4,2,3,4,1,1,3,4,2,3,4,5,4,4,1,3,3,4,1,4,4,4,1,3,1,1,2,1,5,5,5,3,2,1,2,1,3,2,26,45,50,40,45
23,60,White,,Divorced,High school degree or equivalent,12,Yes,,Very comfortable,Very comfortable,Ohio,"Yes, I have ___ children",3,"Yes, I have ___ siblings",1,No,"$20,000 - $34,999",Unemployed,Good,1,4,1,2,2,3,4,2,5,5,4,5,5,4,5,5,3,5,4,3,4,2,2,4,1,4,3,1,3,1,5,5,5,3,5,3,4,5,5,5,2,5,5,2,1,5,3,1,3,4,3,4,5,4,1,3,1,2,4,5,30,35,57,41,54
24,70,White,,,"Some college, no degree",13,Yes,,Very comfortable,Very comfortable,New York,No,0,"Yes, I have ___ siblings",1,Yes,"$50,000 - $74,999","Management, professional, and related",Very good,4,5,1,5,2,4,5,1,5,5,1,1,5,1,4,2,1,4,1,4,4,1,1,5,1,1,5,1,5,1,2,5,4,1,4,1,1,5,1,4,5,1,5,5,1,4,1,1,1,1,1,5,5,1,1,5,5,1,1,4,54,60,58,16,54
25,70,White,,Married,High school degree or equivalent,12,Yes,,Very comfortable,Very comfortable,Pennsylvania,"Yes, I have ___ children",1,"Yes, I have ___ siblings",7,No,"$35,000 - $49,999",Unemployed,Very good,4,5,1,5,2,3,5,1,5,4,1,1,5,1,4,3,1,4,1,3,1,1,1,5,1,1,5,1,5,2,2,5,4,1,4,3,1,5,1,2,4,1,5,4,1,3,1,1,4,1,3,5,4,1,2,4,4,1,1,5,42,59,57,14,49
26,62,White,,Single,Bachelor's degree,16,Yes,,Very comfortable,Very comfortable,Illinois,No,0,"Yes, I have ___ siblings",2,Yes,"$20,000 - $34,999","Management, professional, and related",Fair,2,5,2,2,1,2,5,4,2,5,1,2,4,3,4,5,1,4,4,5,1,1,4,2,1,4,4,2,3,1,4,4,4,4,5,4,1,2,4,4,2,3,4,4,1,2,1,4,2,2,4,5,3,4,1,4,3,4,2,5,27,53,37,42,57
27,60,White,,Living with a partner,"Some college, no degree",14,Yes,,Very comfortable,Very comfortable,Florida,"Yes, I have ___ children",3,"Yes, I have ___ siblings",1,No,"$75,000 - $99,999",Unemployed,Good,2,4,4,4,2,2,5,4,4,4,4,2,4,4,4,4,2,2,4,4,1,1,4,4,2,4,4,4,4,2,5,4,1,2,4,2,1,5,4,4,2,4,4,4,1,2,2,4,1,1,4,5,5,4,4,4,4,2,2,4,26,50,35,35,48
28,74,White,,Divorced,Master's degree,18,Yes,,Very comfortable,Very comfortable,New York,"Yes, I have ___ children",3,"Yes, I have ___ siblings",1,No,"$75,000 - $99,999",Service,Excellent,5,5,1,5,1,1,5,1,5,5,2,2,5,1,4,3,1,5,1,4,3,1,1,5,1,1,2,1,5,2,2,5,5,1,5,3,1,5,1,3,5,1,5,3,2,3,1,1,5,2,3,5,5,1,2,4,4,1,1,4,43,55,60,14,51
29,72,White,,Widowed,"Some college, no degree",13,Yes,,Very comfortable,Very comfortable,,"Yes, I have ___ children",2,"Yes, I have ___ siblings",5,No,"$10,000 - $19,999",Retired,Fair,3,5,1,4,2,1,5,2,4,4,3,2,4,2,4,3,1,5,3,4,3,1,2,3,2,4,4,2,4,,4,5,5,2,4,3,1,5,4,4,2,2,5,4,2,4,1,1,2,2,3,5,5,3,2,4,4,1,3,4,33,56,56,32,44
30,66,White,,Living with a partner,Bachelor's degree,16,Yes,,Very comfortable,Very comfortable,Florida,"Yes, I have ___ children",2,"Yes, I have ___ siblings",2,No,"$75,000 - $99,999","Management, professional, and related",Very good,1,4,2,4,2,1,4,2,4,4,4,3,4,2,4,5,2,4,3,4,1,1,1,4,2,1,4,3,4,2,5,4,3,2,4,3,4,4,1,3,3,2,4,4,2,1,2,2,2,3,3,3,4,2,2,3,4,2,2,4,25,45,47,26,46
31,68,White,,Divorced,Bachelor's degree,17,Yes,,Very comfortable,Very comfortable,Texas,No,0,No,0,Yes,"$10,000 - $19,999",Service,Fair,4,5,1,4,1,4,5,1,4,5,1,2,5,2,5,4,1,5,3,5,2,1,1,5,1,4,4,2,4,1,2,5,5,1,5,1,1,5,2,5,4,2,4,3,1,4,1,1,4,1,2,5,5,1,1,4,4,1,1,5,44,56,58,22,60
32,61,White,,Married,Bachelor's degree,16,Yes,,Very comfortable,Very comfortable,Florida,"Yes, I have ___ children",2,No,0,No,"$50,000 - $74,999",Unemployed,Fair,1,5,5,1,4,1,5,5,1,5,1,4,2,5,1,5,1,1,4,4,1,1,5,1,4,5,2,5,1,4,4,5,1,5,2,4,4,1,5,1,1,1,2,2,3,4,1,2,1,2,5,5,2,5,4,2,5,1,5,1,22,51,22,58,29
33,60,White,,Married,"Some college, no degree",14,Yes,,Very comfortable,Very comfortable,Michigan,"Yes, I have ___ children",1,No,0,No,"Over $150,000",Unemployed,Good,4,4,1,1,1,4,5,1,2,3,2,4,4,4,4,2,1,5,4,4,2,2,2,2,2,1,3,2,1,1,2,4,5,5,5,3,1,5,2,5,4,5,4,2,1,4,1,1,1,3,2,5,5,3,3,3,2,1,5,4,45,45,56,50,50
34,62,White,,Married,Bachelor's degree,14,Yes,,Very comfortable,Very comfortable,Georgia,No,0,"Yes, I have ___ siblings",1,No,"$50,000 - $74,999",Retired,Good,4,4,4,4,1,4,4,2,4,5,1,4,3,1,5,2,2,2,2,4,4,1,3,5,1,4,3,3,4,1,4,3,3,1,5,3,1,3,1,4,2,4,2,5,1,5,1,2,4,2,4,4,4,1,1,5,3,1,1,5,42,44,38,17,57
35,72,White,,Divorced,Doctorate,24,Yes,,Very comfortable,Very comfortable,Tennessee,No,0,"Yes, I have ___ siblings",1,No,"$10,000 - $19,999",Retired,Very good,5,5,1,5,3,1,5,4,5,5,1,1,5,1,3,3,1,4,1,5,1,1,1,5,1,5,5,1,5,2,2,4,2,1,5,5,1,3,1,4,3,1,5,5,1,3,1,4,5,3,3,5,5,1,1,5,5,2,1,3,35,59,47,12,50
36,61,Black or African American,,Single,Bachelor's degree,16,Yes,,Very comfortable,Very comfortable,California,No,0,"Yes, I have ___ siblings",5,No,"$50,000 - $74,999","Management, professional, and related",Good,4,4,2,4,2,4,3,4,3,5,3,2,4,4,4,4,2,3,3,5,4,2,3,3,2,3,3,2,4,1,3,3,3,3,5,2,3,4,3,4,2,4,4,4,2,3,3,2,3,3,2,4,4,4,2,3,2,3,2,4,39,39,42,34,51
37,76,White,,Divorced,Associate degree,20,Yes,,Very comfortable,Very comfortable,Georgia,No,0,"Yes, I have ___ siblings",0,No,"$20,000 - $34,999",Retired,Very good,4,5,5,4,1,5,5,2,5,5,1,4,5,1,5,2,1,5,1,5,5,4,2,5,1,3,5,1,5,1,1,5,4,1,5,1,2,5,1,5,2,3,5,4,1,5,2,1,5,1,1,5,5,1,1,4,4,1,1,5,52,49,53,14,60
38,60,White,,Living with a partner,"Some college, no degree",15,Yes,,Very comfortable,Very comfortable,New Jersey,"Yes, I have ___ children",1,"Yes, I have ___ siblings",3,No,"$100,000 - $150,000",Service,Very good,2,5,1,5,1,4,5,2,5,5,2,4,5,1,4,5,1,4,2,5,4,1,1,4,1,2,2,4,5,1,5,5,4,2,5,1,1,4,1,5,2,1,5,5,1,2,2,1,5,1,2,5,5,2,1,2,5,4,1,4,35,53,50,16,58
39,68,White,,Single,Bachelor's degree,18,Yes,,Very comfortable,Very comfortable,Wisconsin,No,0,"Yes, I have ___ siblings",3,Yes,"$75,000 - $99,999","Farming, fishing, and forestry",Very good,3,5,1,4,1,3,5,2,4,5,2,2,4,2,5,4,5,5,2,5,3,1,2,4,2,2,5,2,4,1,3,4,5,2,5,3,1,4,2,4,3,2,4,5,2,3,1,1,2,1,3,5,4,2,1,4,5,1,2,4,38,53,53,25,56
40,65,White,,Married,Master's degree,19,Yes,,Very comfortable,Very comfortable,Pennsylvania,"Yes, I have ___ children",2,"Yes, I have ___ siblings",4,Yes,"$20,000 - $34,999",Sales and office,Good,4,4,4,5,1,5,5,1,5,5,1,2,5,1,4,2,2,5,2,5,5,1,1,5,2,1,5,4,5,1,4,5,2,2,5,4,4,5,1,4,5,1,5,5,1,4,1,2,1,2,2,5,5,1,2,5,5,1,1,4,50,54,50,18,54
41,60,White,,Married,"Some college, no degree",16,Yes,,Very comfortable,Very comfortable,California,"Yes, I have ___ children",2,"Yes, I have ___ siblings",2,Yes,"Over $150,000","Management, professional, and related",Good,5,5,2,5,1,5,5,2,5,5,1,2,5,1,5,1,1,3,3,5,5,1,1,5,1,4,5,4,5,1,1,5,2,2,5,1,2,5,3,5,4,1,5,4,1,5,1,2,2,1,1,5,5,1,1,5,4,4,2,5,56,57,46,22,60
42,75,Hispanic,,Married,Associate degree,14,Yes,,Very comfortable,Very comfortable,California,"Yes, I have ___ children",2,"Yes, I have ___ siblings",1,No,"$100,000 - $150,000",Retired,Very good,1,1,1,4,3,4,5,1,5,5,2,1,5,2,4,3,3,4,3,4,2,1,2,5,4,3,1,2,4,3,4,3,4,1,4,5,1,4,1,4,2,4,5,4,1,1,2,1,4,4,2,4,5,1,5,2,1,2,1,2,29,39,54,19,39
43,73,White,,Married,Bachelor's degree,16,Yes,,Very comfortable,Very comfortable,New York,"Yes, I have ___ children",1,"Yes, I have ___ siblings",0,No,"$35,000 - $49,999","Management, professional, and related",Fair,5,5,4,3,1,4,5,1,3,5,1,4,5,4,5,4,1,4,5,5,4,3,4,2,1,1,3,4,3,1,4,4,3,5,5,3,3,4,4,5,2,3,4,4,1,4,2,1,1,1,4,5,5,5,1,3,2,4,2,5,41,44,43,45,60
44,70,White,,Single,Master's degree,18,Yes,,Very comfortable,Very comfortable,Michigan,No,0,"Yes, I have ___ siblings",1,No,"$75,000 - $99,999","Management, professional, and related",Good,2,3,4,4,3,4,4,3,5,4,3,2,5,1,3,5,3,2,3,3,4,1,4,5,2,3,4,3,5,3,5,4,2,1,4,3,2,4,2,3,2,1,5,5,2,2,3,4,5,4,2,4,5,2,3,3,4,1,1,4,32,47,40,17,40
45,60,White,,Married,Associate degree,17,Yes,,Very comfortable,Very comfortable,Nebraska,"Yes, I have ___ children",3,"Yes, I have ___ siblings",2,Yes,"$100,000 - $150,000",Service,Very good,3,5,1,4,5,1,5,1,5,4,3,1,5,1,5,4,3,5,2,3,2,1,2,4,4,2,5,1,4,3,4,5,5,4,4,1,1,5,1,2,4,2,5,5,2,5,1,1,3,1,2,5,5,1,4,5,5,1,1,5,40,57,59,21,40
46,62,Hispanic,,Divorced,"Some college, no degree",14,Yes,,Very comfortable,Very comfortable,Nevada,No,0,No,0,No,"$20,000 - $34,999",Service,Good,5,5,1,4,3,3,5,5,2,5,4,2,5,1,3,1,1,4,4,3,1,1,5,5,5,5,4,2,2,3,1,5,5,4,3,3,1,4,4,2,1,4,5,4,2,5,1,1,2,5,5,5,4,4,4,2,3,1,1,3,34,53,48,35,33
47,62,White,,Divorced,Bachelor's degree,16,Yes,,Very comfortable,Very comfortable,California,"Yes, I have ___ children",1,"Yes, I have ___ siblings",2,Yes,"$35,000 - $49,999","Management, professional, and related",Very good,5,4,1,4,1,5,5,1,5,5,1,2,5,1,5,1,1,5,1,5,4,1,1,5,1,1,1,1,5,1,1,4,5,1,5,1,1,5,1,4,4,2,5,5,1,5,1,1,4,1,1,5,5,1,1,5,2,1,1,5,58,49,60,14,59
48,62,White,,Married,High school degree or equivalent,12,Yes,,Very comfortable,Very comfortable,New York,"Yes, I have ___ children",1,"Yes, I have ___ siblings",1,No,"$10,000 - $19,999","Management, professional, and related",Good,5,5,1,4,1,1,5,1,3,4,1,1,5,1,3,4,5,5,1,1,1,1,1,4,1,1,5,1,1,1,4,5,5,4,4,1,1,5,1,1,4,1,5,1,1,5,1,1,1,3,1,5,5,1,1,5,5,1,1,5,45,56,60,31,46
49,69,Black or African American,,Separated,"Some college, no degree",13,Yes,,Very comfortable,Very comfortable,Other,No,0,No,0,Yes,"$35,000 - $49,999",Service,Very good,4,5,2,5,1,3,5,1,5,5,1,1,5,1,4,2,1,4,1,5,4,1,1,5,1,1,5,2,5,1,1,5,4,1,5,1,1,5,1,4,4,1,5,5,1,4,1,2,5,1,2,5,5,1,1,5,5,1,1,5,52,60,55,12,58
50,67,White,,Married,Bachelor's degree,18,Yes,,Very comfortable,Very comfortable,Florida,No,0,"Yes, I have ___ siblings",3,Yes,"$20,000 - $34,999",Retired,Very good,4,5,1,2,1,4,5,1,4,5,1,1,5,3,4,3,1,5,3,5,5,1,1,5,1,1,5,1,3,1,4,5,5,4,5,2,2,5,2,5,4,2,5,4,1,5,1,1,2,1,2,5,5,1,1,4,4,2,2,5,49,57,59,31,59
51,62,White,,Married,"Some college, no degree",14,Yes,,Very comfortable,Very comfortable,Oklahoma,"Yes, I have ___ children",0,"Yes, I have ___ siblings",1,Yes,"$50,000 - $74,999",Retired,Very good,4,5,1,4,2,3,5,1,5,2,1,3,4,2,2,3,1,5,2,2,4,2,1,5,2,1,4,1,3,3,2,4,5,2,2,2,1,5,2,2,4,4,3,3,2,3,1,1,2,4,3,5,5,2,4,4,2,1,2,2,46,49,57,26,31
52,60,White,,Married,Associate degree,17,Yes,,Very comfortable,Very comfortable,Maryland,No,0,"Yes, I have ___ siblings",5,No,"$50,000 - $74,999","Management, professional, and related",Very good,4,5,1,5,4,4,5,1,5,4,1,1,5,1,2,4,5,5,2,4,4,1,1,5,1,1,5,1,5,4,4,5,5,1,4,2,1,5,1,4,4,2,5,5,4,4,1,1,5,2,2,5,5,1,4,5,5,1,1,2,47,55,60,13,37
53,61,White,,Divorced,High school degree or equivalent,12,Yes,,Very comfortable,Very comfortable,Georgia,"Yes, I have ___ children",3,"Yes, I have ___ siblings",3,Yes,"$10,000 - $19,999",Retired,Good,4,5,1,4,3,5,5,1,5,5,2,1,5,1,4,3,1,5,1,3,3,1,1,5,3,2,5,1,5,2,3,5,5,2,5,2,1,5,1,4,4,2,5,5,2,4,1,1,5,2,2,5,5,1,3,4,5,1,1,4,46,59,60,14,46
54,72,White,,Widowed,Bachelor's degree,16,Yes,,Very comfortable,Very comfortable,Florida,"Yes, I have ___ children",3,"Yes, I have ___ siblings",4,No,"$75,000 - $99,999",Retired,Good,3,5,3,1,5,2,5,2,4,4,2,1,5,1,3,4,1,5,3,4,2,1,3,3,5,3,5,4,4,4,4,5,4,5,4,3,1,4,3,1,3,3,5,3,3,2,1,2,2,2,5,5,4,3,5,4,4,1,4,3,31,57,48,38,31
55,66,Hispanic,,Single,Associate degree,17,Yes,,Very comfortable,Very comfortable,California,No,0,"Yes, I have ___ siblings",4,No,"$20,000 - $34,999","Management, professional, and related",Excellent,4,4,1,4,1,2,5,1,3,5,2,2,5,1,4,4,1,3,1,5,1,1,1,4,1,1,4,1,5,1,4,5,3,2,5,3,1,5,2,5,2,2,5,5,1,2,1,1,2,3,3,5,5,1,1,3,4,1,1,4,33,55,56,21,56
56,64,Asian,,Married,Associate degree,14,Yes,,Very comfortable,Very comfortable,California,"Yes, I have ___ children",2,"Yes, I have ___ siblings",1,No,"$75,000 - $99,999","Management, professional, and related",Good,2,4,3,4,3,4,5,3,4,5,2,2,5,1,4,4,3,4,3,2,4,2,2,5,1,4,4,2,5,3,5,3,3,1,4,3,2,4,1,5,3,4,5,5,3,2,3,2,4,3,2,5,5,1,3,3,4,3,2,5,34,45,47,18,45
57,64,White,,Married,Bachelor's degree,16,Yes,,Very comfortable,Very comfortable,New York,No,0,"Yes, I have ___ siblings",2,No,"$100,000 - $150,000","Management, professional, and related",Excellent,5,5,1,4,1,4,5,2,5,5,1,3,5,1,5,3,1,4,4,5,3,2,1,5,1,1,4,1,4,1,1,5,4,1,5,2,1,5,1,5,5,2,5,5,1,5,1,1,5,1,2,5,5,1,1,5,4,1,1,5,53,54,57,17,60
58,66,White,,Married,Associate degree,14,Yes,,Very comfortable,Very comfortable,Illinois,"Yes, I have ___ children",1,"Yes, I have ___ siblings",1,Yes,"$100,000 - $150,000","Management, professional, and related",Very good,5,5,1,4,2,4,5,1,4,4,2,1,5,1,5,2,1,5,4,5,5,1,1,5,1,2,4,1,5,1,2,5,5,2,4,1,1,5,1,4,4,2,5,5,1,4,1,1,4,2,2,5,5,1,2,4,4,1,2,5,51,57,60,20,54
59,69,White,,Single,"Some college, no degree",15,Yes,,Very comfortable,Very comfortable,Vermont,No,0,No,0,No,"$20,000 - $34,999",Retired,Fair,3,5,3,2,1,3,5,3,3,5,3,2,5,3,5,4,1,3,4,5,2,2,4,4,1,3,3,2,3,1,4,5,3,3,5,3,1,3,3,5,3,3,5,3,1,4,1,3,3,1,3,5,3,3,1,4,3,1,3,5,35,52,42,37,60
60,73,White,,Living with a partner,"Some college, no degree",16,Yes,,Very comfortable,Very comfortable,Washington,"Yes, I have ___ children",3,"Yes, I have ___ siblings",1,No,"$35,000 - $49,999","Management, professional, and related",Good,4,4,1,5,1,4,5,1,5,5,1,1,5,1,5,4,2,5,1,5,5,1,1,5,2,1,4,1,5,1,5,5,5,1,5,1,2,5,4,4,5,1,5,5,1,2,4,1,5,1,2,5,5,2,1,5,5,1,1,5,47,53,60,16,58
61,76,White,,Divorced,Associate degree,15,Yes,,Very comfortable,Very comfortable,Pennsylvania,"Yes, I have ___ children",3,"Yes, I have ___ siblings",4,No,"$20,000 - $34,999",Retired,Excellent,2,5,1,4,2,1,5,1,4,5,2,4,5,2,5,4,1,5,4,4,2,2,2,4,2,4,2,2,4,1,3,4,5,2,4,4,2,5,2,3,3,2,5,4,1,4,2,1,3,2,4,5,5,1,1,4,4,2,1,4,31,48,57,25,52
62,63,White,,Divorced,High school degree or equivalent,12,Yes,,Very comfortable,Very comfortable,Arkansas,"Yes, I have ___ children",3,"Yes, I have ___ siblings",2,Yes,"$20,000 - $34,999",Retired,Very good,3,4,1,4,3,4,5,1,4,4,4,3,4,1,4,2,2,5,4,3,4,2,1,4,2,2,3,1,5,2,1,4,5,2,4,2,2,5,1,4,3,4,4,4,1,3,2,1,4,3,1,5,5,2,3,3,2,2,1,3,44,44,57,22,44
63,62,White,,Married,Bachelor's degree,17,"No, my first language is: __",Lithuanian,Very comfortable,Very comfortable,Georgia,"Yes, I have ___ children",3,"Yes, I have ___ siblings",1,No,"$100,000 - $150,000","Management, professional, and related",Very good,4,3,1,5,1,3,5,1,5,5,1,4,5,1,5,4,5,5,4,5,4,4,1,5,1,1,5,3,5,1,4,5,5,1,5,3,4,5,1,5,5,3,5,5,1,3,4,1,5,1,3,5,5,1,1,5,2,5,1,5,44,37,54,15,60
64,60,White,,Divorced,Bachelor's degree,16,Yes,,Very comfortable,Very comfortable,New York,"Yes, I have ___ children",3,"Yes, I have ___ siblings",4,No,"$75,000 - $99,999",Retired,Good,3,5,2,5,2,3,4,1,4,5,3,1,5,1,4,3,1,5,2,3,3,1,2,4,1,4,3,2,5,2,4,4,4,1,3,2,4,4,1,3,2,2,4,5,1,4,1,2,5,4,1,5,4,1,2,1,3,4,1,4,35,50,49,15,46
65,67,White,,Divorced,Bachelor's degree,16,Yes,,Very comfortable,Very comfortable,Indiana,No,0,"Yes, I have ___ siblings",1,No,"$50,000 - $74,999",Retired,Good,2,3,1,3,4,4,5,4,3,5,4,4,5,1,4,4,3,5,1,3,4,2,3,3,1,5,4,1,5,3,3,5,5,1,3,2,2,5,2,4,2,2,5,5,2,3,3,1,5,4,3,5,5,2,2,2,4,1,1,4,32,46,55,20,43
66,60,White,,Married,Master's degree,18,Yes,,Very comfortable,Very comfortable,Florida,"Yes, I have ___ children",1,"Yes, I have ___ siblings",2,Yes,"$100,000 - $150,000","Management, professional, and related",Very good,4,4,2,5,1,3,5,2,5,4,1,4,5,2,5,3,2,4,2,5,4,1,1,4,4,4,3,1,5,1,2,4,4,2,5,1,1,5,2,4,4,2,4,5,1,4,2,2,4,2,2,5,5,2,5,5,4,2,2,5,47,49,53,20,50
67,55,White,,Single,Master's degree,18,Yes,,Very comfortable,Very comfortable,West Virginia,No,0,"Yes, I have ___ siblings",1,No,"Under $10,000",Sales and office,Very good,1,5,2,5,1,5,5,1,5,5,1,1,5,1,5,5,1,5,1,5,3,1,5,5,1,4,5,1,5,1,5,5,4,1,5,3,1,5,1,5,5,1,5,5,1,1,1,1,5,1,1,5,5,1,1,5,5,1,1,5,37,60,54,12,60
68,68,White,,Single,Professional degree,19,Yes,,Very comfortable,Very comfortable,California,"Yes, I have ___ children",4,"Yes, I have ___ siblings",1,Yes,"$100,000 - $150,000","Management, professional, and related",Good,5,5,4,5,2,4,5,2,4,4,1,1,5,1,5,1,1,1,1,4,5,1,1,5,1,1,5,4,5,1,1,5,4,1,5,1,1,5,1,4,5,1,5,5,1,5,1,1,5,1,1,5,5,1,1,5,5,1,1,4,59,60,48,13,55
69,72,White,,Divorced,Bachelor's degree,17,Yes,,Very comfortable,Very comfortable,Washington,"Yes, I have ___ children",2,"Yes, I have ___ siblings",4,Yes,"$35,000 - $49,999",Retired,Good,4,5,2,2,3,1,5,1,4,5,4,1,5,1,3,4,1,4,4,4,1,1,2,3,2,2,5,1,4,3,4,5,4,4,4,3,1,4,4,3,2,2,5,4,1,3,1,1,2,2,4,5,5,3,2,2,4,1,1,3,28,58,55,34,45
70,67,White,,Living with a partner,Bachelor's degree,16,Yes,,Very comfortable,Very comfortable,Florida,No,0,No,0,No,"$50,000 - $74,999",Service,Good,4,4,1,5,1,5,5,1,5,5,2,2,5,1,5,3,4,5,1,5,5,1,1,5,1,1,2,1,5,1,1,4,4,1,5,1,1,5,2,4,4,5,5,5,1,3,2,1,5,1,1,5,5,2,1,4,2,1,1,5,52,43,59,14,59
71,70,White,,Divorced,Master's degree,18,Yes,,Very comfortable,Very comfortable,Utah,"Yes, I have ___ children",1,"Yes, I have ___ siblings",5,No,"$75,000 - $99,999",Retired,Good,2,5,3,4,2,3,5,4,5,5,3,2,4,1,3,4,1,3,2,5,3,1,4,4,1,2,5,2,1,3,4,5,3,2,4,3,1,4,1,4,3,2,4,3,2,2,1,2,4,1,4,5,5,1,2,3,4,1,1,3,32,57,43,23,49
72,63,White,,Divorced,Bachelor's degree,18,Yes,,Very comfortable,Very comfortable,Michigan,No,0,No,0,No,"$20,000 - $34,999",Retired,Good,3,4,2,4,3,3,5,2,4,5,3,2,4,3,4,4,2,4,4,4,2,1,1,4,1,3,4,3,4,2,4,4,4,3,4,3,2,4,3,4,3,3,4,4,2,3,3,2,2,1,3,4,4,2,2,2,4,3,2,4,32,48,47,31,50
73,68,White,,Divorced,Bachelor's degree,16,Yes,,Very comfortable,Very comfortable,Georgia,"Yes, I have ___ children",1,"Yes, I have ___ siblings",0,Yes,"$20,000 - $34,999",Service,Good,4,5,2,4,2,1,5,1,4,5,2,4,4,2,4,4,1,4,4,,1,2,4,2,1,1,4,2,4,1,5,5,4,5,5,5,1,4,2,4,4,4,4,4,1,4,1,1,2,1,4,5,5,1,,4,4,5,1,4,33,51,46,31,46
74,69,White,,Married,Master's degree,18,Yes,,Very comfortable,Very comfortable,Connecticut,"Yes, I have ___ children",3,"Yes, I have ___ siblings",1,Yes,"Over $150,000","Management, professional, and related",Fair,2,5,1,4,4,4,4,1,4,4,2,1,5,1,4,4,1,4,2,2,5,1,1,5,2,1,4,2,4,2,5,4,2,1,1,3,1,5,1,4,5,1,5,3,2,3,1,1,3,5,1,4,5,1,2,4,5,1,1,4,43,56,55,20,38
75,68,White,,Divorced,"Some college, no degree",14,Yes,,Very comfortable,Very comfortable,California,No,0,"Yes, I have ___ siblings",2,No,"$50,000 - $74,999",Service,Very good,2,5,1,4,3,4,4,1,4,5,2,4,5,2,5,5,1,5,4,3,4,2,4,5,1,4,4,1,5,1,5,2,4,1,4,2,1,5,1,5,4,5,5,5,1,3,4,1,5,4,1,5,5,1,1,4,2,1,2,5,38,41,56,19,52
76,62,Asian,,Married,Master's degree,18,"No, my first language is: __",Chinese,Comfortable,Comfortable,Massachusetts,"Yes, I have ___ children",3,"Yes, I have ___ siblings",2,Yes,"$75,000 - $99,999","Production, transportation, and material moving",Good,4,4,1,4,4,3,4,1,4,4,4,3,4,1,4,3,1,4,2,4,3,3,2,4,2,2,4,2,4,2,2,4,4,3,4,3,2,4,2,4,4,2,4,4,2,4,1,2,4,2,4,4,4,2,2,4,4,1,1,4,40,48,51,23,46
77,65,White,,Married,"Some college, no degree",14,Yes,,Very comfortable,Very comfortable,Rhode Island,"Yes, I have ___ children",1,"Yes, I have ___ siblings",2,No,"$50,000 - $74,999",Government,Good,2,5,1,2,1,2,5,1,4,5,2,1,5,2,4,5,1,4,4,5,2,2,1,4,1,1,4,1,5,2,4,5,4,3,5,3,1,5,2,5,3,2,5,5,2,2,1,1,2,1,4,5,5,2,1,3,5,2,2,5,31,57,57,29,57
78,76,White,,Divorced,Master's degree,18,Yes,,Very comfortable,Very comfortable,Arizona,No,0,"Yes, I have ___ siblings",2,No,"$35,000 - $49,999","Management, professional, and related",Fair,2,5,1,4,1,5,4,1,4,5,1,4,5,1,5,3,1,5,4,5,5,2,1,5,1,3,2,1,5,1,5,5,5,4,5,1,2,5,1,5,3,1,5,4,1,3,1,1,3,1,1,4,5,1,1,3,3,1,1,5,43,48,60,23,60
79,65,White,,Married,Master's degree,18,Yes,,Very comfortable,Very comfortable,Ohio,"Yes, I have ___ children",1,"Yes, I have ___ siblings",5,No,"$50,000 - $74,999",Service,Good,4,5,4,4,1,3,5,1,4,5,1,1,5,1,5,3,1,3,3,5,3,1,3,5,1,1,5,3,5,1,4,5,2,4,5,3,1,4,3,4,4,1,4,4,1,3,1,1,5,1,3,5,4,3,1,3,5,1,1,5,41,60,45,24,59
80,64,Black or African American,,Single,Bachelor's degree,12,Yes,,Very comfortable,Very comfortable,Virginia,No,0,"Yes, I have ___ siblings",6,No,"$10,000 - $19,999","Management, professional, and related",Fair,5,4,1,4,1,4,5,1,2,5,1,1,5,4,4,2,2,4,4,5,3,1,2,5,1,2,2,2,3,1,1,4,4,5,5,2,2,5,5,3,2,4,5,3,1,4,2,1,1,1,2,5,4,5,1,3,2,2,1,3,47,46,54,42,55
81,75,White,,Married,High school degree or equivalent,12,Yes,,Very comfortable,Very comfortable,Tennessee,"Yes, I have ___ children",2,"Yes, I have ___ siblings",3,Yes,"$50,000 - $74,999",Retired,Very good,2,5,1,3,2,1,5,1,5,4,1,3,5,2,4,5,1,5,2,2,1,1,1,4,3,1,5,2,4,2,4,4,5,3,2,4,3,5,2,3,5,2,5,4,1,1,1,1,3,4,5,5,5,2,3,4,5,3,2,4,30,54,57,26,40
82,65,White,,Married,Bachelor's degree,15,Yes,,Very comfortable,Very comfortable,Florida,No,0,"Yes, I have ___ siblings",3,No,"$75,000 - $99,999","Management, professional, and related",Good,5,2,1,5,1,5,4,1,5,5,1,4,5,1,5,1,4,5,1,4,5,1,1,5,1,3,1,1,5,1,1,4,4,1,4,1,4,5,1,5,4,3,5,5,1,5,5,1,5,2,1,4,5,1,1,5,3,1,1,5,57,33,59,12,57
83,82,White,,Living with a partner,Professional degree,18,Yes,,Very comfortable,Very comfortable,Georgia,No,0,"Yes, I have ___ siblings",1,No,"$50,000 - $74,999",Retired,Excellent,4,5,4,5,4,2,5,4,5,5,4,2,5,1,4,5,1,4,4,5,4,1,5,5,5,2,5,4,5,4,4,5,4,4,5,4,1,4,1,1,4,2,5,5,4,2,1,1,5,1,4,5,4,1,4,4,5,2,1,4,33,58,42,18,38
84,61,White,,Single,Professional degree,20,Yes,,Very comfortable,Very comfortable,Connecticut,No,0,"Yes, I have ___ siblings",3,No,"$35,000 - $49,999","Management, professional, and related",Very good,2,,1,2,3,2,5,3,3,5,3,2,5,1,3,4,1,3,5,4,1,1,3,3,1,3,4,1,5,3,5,4,3,4,4,2,1,4,2,5,2,2,5,5,1,2,1,2,2,1,4,5,5,3,1,2,4,2,1,3,26,50,49,32,50
85,64,White,,Widowed,High school degree or equivalent,12,Yes,,Very comfortable,Very comfortable,South Carolina,"Yes, I have ___ children",2,"Yes, I have ___ siblings",4,No,"$20,000 - $34,999",Retired,Fair,1,4,1,4,5,2,4,4,4,4,1,4,4,1,1,4,1,4,4,4,1,4,1,4,1,4,4,1,4,5,4,4,4,4,4,4,4,4,4,1,2,4,4,4,4,2,2,1,1,4,5,4,5,4,5,4,4,1,4,1,26,41,52,36,27
86,60,White,,Married,High school degree or equivalent,14,Yes,,Very comfortable,Very comfortable,Alabama,No,0,"Yes, I have ___ siblings",2,Yes,"$50,000 - $74,999","Production, transportation, and material moving",Good,4,4,5,4,1,3,4,3,3,5,1,4,3,3,5,4,2,2,4,5,4,2,4,4,1,3,3,3,4,1,4,3,2,2,5,4,3,4,2,5,2,4,3,4,1,3,2,4,3,2,2,4,2,3,1,4,3,3,2,5,38,40,30,30,59
87,65,White,,Married,Bachelor's degree,16,Yes,,Very comfortable,Very comfortable,Florida,"Yes, I have ___ children",2,"Yes, I have ___ siblings",7,No,"$75,000 - $99,999",Retired,Very good,4,5,1,4,1,1,3,2,5,5,1,1,4,1,5,3,1,3,2,5,1,1,3,4,2,1,5,1,4,1,3,5,4,2,5,3,1,4,1,4,3,2,4,4,1,3,1,1,5,2,4,4,3,1,1,4,4,1,1,5,37,55,49,18,57
88,62,White,,Married,Bachelor's degree,16,Yes,,Very comfortable,Very comfortable,Minnesota,"Yes, I have ___ children",3,No,0,No,"Over $150,000",Government,Very good,2,2,1,5,3,3,4,1,5,5,4,4,5,1,4,5,4,3,1,4,4,3,1,5,1,3,2,1,5,2,2,4,3,1,4,2,3,5,1,5,3,4,5,5,2,2,4,1,5,2,1,5,5,1,1,3,2,1,1,5,36,33,56,12,52
89,75,White,,Married,Master's degree,24,Yes,,Very comfortable,Very comfortable,Tennessee,"Yes, I have ___ children",3,"Yes, I have ___ siblings",3,Yes,"$100,000 - $150,000",Retired,Very good,5,4,1,5,2,4,5,1,4,4,2,2,4,2,5,2,2,4,2,4,5,2,1,5,1,2,3,2,4,2,2,4,3,1,4,2,2,5,1,4,4,2,4,4,1,5,2,1,4,2,1,5,5,1,1,4,4,2,2,5,52,49,53,19,53
90,66,Black or African American,,Divorced,Bachelor's degree,16,Yes,,Very comfortable,Very comfortable,North Carolina,"Yes, I have ___ children",3,"Yes, I have ___ siblings",3,Yes,"$50,000 - $74,999",Retired,Good,2,2,1,3,4,1,5,1,4,4,4,2,5,1,5,4,2,5,2,2,5,1,1,4,1,1,3,2,5,3,3,4,4,2,4,2,1,5,1,3,4,1,5,4,2,3,1,1,3,3,4,5,5,1,4,3,4,1,1,4,36,51,58,21,41
91,64,White,,Divorced,Associate degree,14,Yes,,Very comfortable,Very comfortable,Indiana,"Yes, I have ___ children",2,"Yes, I have ___ siblings",4,Yes,"$20,000 - $34,999","Management, professional, and related",Fair,4,5,1,3,2,1,5,1,4,4,1,1,4,2,4,4,1,5,3,5,1,1,2,3,3,4,5,1,3,2,4,5,5,5,5,5,1,5,1,3,2,1,5,3,2,3,1,1,1,2,5,5,4,1,2,3,4,1,2,4,27,59,57,33,48
92,65,White,,Separated,Professional degree,42,Yes,,Very comfortable,Very comfortable,West Virginia,"Yes, I have ___ children",5,"Yes, I have ___ siblings",2,No,"$20,000 - $34,999","Management, professional, and related",Good,2,5,4,2,1,4,5,1,2,5,4,4,5,4,4,4,1,2,4,5,4,1,4,4,1,2,3,2,3,2,4,5,2,5,5,2,2,4,5,5,2,1,5,2,2,2,1,2,2,1,3,4,5,5,5,2,4,4,2,3,33,52,42,46,51
93,65,White,,Married,Bachelor's degree,16,Yes,,Very comfortable,Very comfortable,North Carolina,No,0,"Yes, I have ___ siblings",1,No,"$100,000 - $150,000","Management, professional, and related",Very good,4,5,1,4,1,1,5,1,5,5,1,1,5,1,4,1,1,5,1,5,4,1,1,5,1,1,5,1,4,2,1,5,5,2,5,2,1,5,1,4,5,1,5,5,1,5,1,1,4,1,3,5,5,1,1,5,4,1,1,4,51,59,60,16,56
94,68,White,,Married,Doctorate,21,Yes,,Very comfortable,Very comfortable,Pennsylvania,"Yes, I have ___ children",2,"Yes, I have ___ siblings",1,No,"$20,000 - $34,999",Retired,Fair,1,2,3,4,4,5,5,2,4,5,2,3,4,2,5,5,4,3,3,5,4,3,3,4,1,4,2,2,4,2,5,4,2,3,5,2,3,4,2,5,2,3,4,5,2,3,3,3,4,2,2,4,5,2,1,4,3,2,1,5,35,37,43,24,54
95,68,White,,Married,Bachelor's degree,16,Yes,,Very comfortable,Very comfortable,California,"Yes, I have ___ children",1,"Yes, I have ___ siblings",6,No,"$75,000 - $99,999",Retired,Good,4,4,2,5,5,4,5,3,5,5,4,3,5,4,3,3,2,4,3,2,4,2,2,5,3,2,4,3,4,4,2,4,4,2,3,3,3,4,3,3,3,2,4,4,2,3,3,2,4,5,4,5,5,2,3,3,4,2,3,3,39,47,48,26,33
96,73,White,,Divorced,Master's degree,18,Yes,,Very comfortable,Very comfortable,Minnesota,"Yes, I have ___ children",1,"Yes, I have ___ siblings",3,No,"$50,000 - $74,999",Retired,Very good,2,5,2,5,1,4,5,1,4,5,1,2,5,2,4,4,1,3,2,5,4,1,3,5,2,4,4,1,5,1,5,4,3,3,5,3,2,4,2,5,4,2,4,4,1,2,2,1,2,1,2,5,4,2,1,5,5,1,2,5,38,54,50,24,58
97,62,White,,Married,Bachelor's degree,16,Yes,,Very comfortable,Very comfortable,Florida,"Yes, I have ___ children",2,"Yes, I have ___ siblings",3,Yes,"Over $150,000","Management, professional, and related",Excellent,4,4,1,5,4,3,5,1,5,5,2,2,5,1,5,2,2,4,1,2,3,1,1,5,2,1,5,1,5,2,2,5,5,1,4,1,2,5,1,5,5,1,5,5,1,3,2,1,5,4,2,4,5,1,4,5,5,1,1,5,49,54,59,12,45
98,61,White,,Married,Master's degree,20,Yes,,Very comfortable,Very comfortable,Massachusetts,"Yes, I have ___ children",2,"Yes, I have ___ siblings",2,No,"$100,000 - $150,000","Management, professional, and related",Very good,5,5,1,5,2,4,5,1,4,5,1,1,5,2,,4,1,5,1,4,3,1,1,5,1,1,5,1,5,2,4,5,5,1,5,2,1,5,1,4,5,1,5,4,2,5,1,1,5,1,2,5,5,1,1,5,5,1,4,4,49,60,60,18,49
99,65,White,,Married,Doctorate,20,Yes,,Very comfortable,Very comfortable,Ohio,"Yes, I have ___ children",2,"Yes, I have ___ siblings",3,No,"$100,000 - $150,000",Retired,Excellent,4,5,1,4,1,2,5,1,5,5,1,2,4,3,5,4,1,4,3,5,3,1,1,4,1,1,4,2,3,1,4,5,4,2,5,2,2,4,2,5,4,2,5,4,1,3,2,1,3,1,3,5,5,2,1,4,4,2,2,5,41,54,54,27,60
100,75,White,,Divorced,Doctorate,25,Yes,,Very comfortable,Very comfortable,Indiana,"Yes, I have ___ children",1,"Yes, I have ___ siblings",2,No,"$10,000 - $19,999",Retired,Good,4,5,2,3,1,5,5,4,3,5,5,4,5,2,5,1,1,5,5,5,5,1,5,3,1,5,3,2,3,1,4,5,1,3,5,3,4,5,5,5,1,1,4,3,1,5,1,1,2,1,1,5,4,5,1,3,4,3,3,5,40,51,43,42,60
101,74,White,,Married,Bachelor's degree,16,Yes,,Very comfortable,Very comfortable,Indiana,"Yes, I have ___ children",3,"Yes, I have ___ siblings",4,Yes,"$35,000 - $49,999",Retired,Very good,3,4,2,2,2,3,5,2,3,5,2,2,5,2,5,3,2,4,4,4,3,2,2,4,1,1,3,3,2,2,4,4,4,4,4,3,2,5,2,5,4,2,5,4,1,3,2,2,2,2,2,4,4,2,1,3,4,1,2,4,40,48,51,35,54
102,64,White,,Married,Bachelor's degree,16,Yes,,Very comfortable,Very comfortable,New York,No,0,"Yes, I have ___ siblings",1,No,"Over $150,000",Retired,Very good,5,5,1,5,1,3,5,1,5,5,1,1,5,1,5,3,5,4,1,5,3,1,1,5,1,1,5,1,5,1,2,5,5,1,5,2,1,5,1,5,,1,5,5,1,4,1,1,1,1,1,5,5,1,1,5,5,1,1,5,46,56,59,16,60
103,61,White,,Married,Bachelor's degree,16,Yes,,Very comfortable,Very comfortable,South Carolina,"Yes, I have ___ children",3,"Yes, I have ___ siblings",1,Yes,"$75,000 - $99,999",Retired,Excellent,4,5,1,4,5,4,5,1,3,4,2,4,5,2,1,3,1,5,5,1,3,1,1,4,5,1,4,2,4,4,3,5,5,4,4,3,2,5,1,2,5,4,5,4,4,2,1,1,3,5,4,5,5,1,5,3,3,1,3,1,41,50,59,30,21
104,66,White,,Married,Bachelor's degree,16,Yes,,Very comfortable,Very comfortable,Kentucky,"Yes, I have ___ children",2,"Yes, I have ___ siblings",10,No,"Over $150,000",Retired,Very good,5,5,1,4,4,4,5,1,4,2,1,2,4,2,4,3,1,5,2,2,4,1,1,5,5,1,5,1,4,3,2,4,5,1,3,2,2,5,1,1,4,3,4,4,2,4,1,1,5,5,2,5,4,1,4,4,3,1,2,4,50,53,57,19,29
105,71,White,,Married,"Some college, no degree",15,Yes,,Very comfortable,Very comfortable,Ohio,"Yes, I have ___ children",2,"Yes, I have ___ siblings",1,No,"$35,000 - $49,999",Retired,Excellent,4,5,1,4,1,2,5,1,5,5,1,1,5,1,5,5,1,5,2,5,2,1,1,5,1,1,5,1,5,1,4,5,5,1,5,3,1,5,1,5,5,4,5,5,1,3,1,1,3,1,3,5,4,1,2,5,5,1,1,4,40,57,59,16,58
106,63,White,,Married,Bachelor's degree,16,Yes,,Very comfortable,Very comfortable,Colorado,"Yes, I have ___ children",5,"Yes, I have ___ siblings",2,Yes,"$75,000 - $99,999","Management, professional, and related",Very good,4,5,1,3,5,5,5,2,5,5,4,3,5,3,4,4,1,5,4,3,5,4,3,4,2,2,5,4,4,5,3,4,4,3,3,2,3,4,3,4,4,4,5,4,3,4,3,1,3,5,2,4,5,3,4,3,2,3,3,4,44,43,50,32,35
107,64,White,,Married,Master's degree,18,Yes,,Very comfortable,Very comfortable,North Carolina,No,0,"Yes, I have ___ siblings",2,Yes,"Over $150,000",Retired,Very good,5,5,1,5,5,1,5,1,5,5,1,1,5,1,5,4,2,4,1,5,1,1,1,5,2,1,5,1,5,1,4,4,5,1,5,4,1,5,1,5,4,1,5,5,1,2,2,1,5,1,3,5,5,1,1,5,5,1,1,4,37,57,59,12,54
108,70,White,,Married,"Some college, no degree",14,Yes,,Very comfortable,Very comfortable,Pennsylvania,"Yes, I have ___ children",2,"Yes, I have ___ siblings",1,No,"$75,000 - $99,999","Management, professional, and related",Good,4,5,2,5,1,4,5,4,4,5,1,1,5,1,4,4,1,5,1,5,4,1,4,4,2,4,5,3,5,2,4,5,4,1,5,3,1,4,1,4,2,2,4,4,2,4,1,2,4,1,2,5,2,1,1,4,5,2,2,4,40,59,43,17,54
109,58,White,,Married,Master's degree,24,Yes,,Very comfortable,Very comfortable,Missouri,No,0,"Yes, I have ___ siblings",4,Yes,"$50,000 - $74,999",Sales and office,Excellent,5,4,1,5,1,1,5,1,4,1,5,1,5,1,1,1,1,3,1,4,2,1,1,1,1,1,3,1,5,1,1,1,5,1,4,1,1,5,1,5,5,1,5,5,1,3,1,1,5,1,1,5,4,1,1,5,5,1,1,5,47,53,57,17,50
110,68,White,,Married,High school degree or equivalent,12,Yes,,Very comfortable,Very comfortable,Ohio,"Yes, I have ___ children",4,"Yes, I have ___ siblings",3,No,"$35,000 - $49,999",Retired,Fair,3,5,3,2,2,1,5,3,3,5,1,3,4,4,4,1,5,4,4,5,3,2,2,4,5,4,5,4,3,1,4,5,3,3,4,5,4,4,3,4,4,4,5,2,1,5,1,2,2,1,4,4,4,3,1,3,3,2,3,4,36,44,44,40,51
111,66,White,,Married,"Some college, no degree",13,Yes,,Very comfortable,Very comfortable,Illinois,"Yes, I have ___ children",3,"Yes, I have ___ siblings",3,No,"$75,000 - $99,999","Farming, fishing, and forestry",Very good,1,5,3,4,2,1,5,1,4,5,4,2,5,1,4,4,5,5,2,4,1,2,3,5,1,4,2,2,5,3,4,4,4,1,5,5,1,5,1,4,3,4,5,4,4,4,1,1,5,3,4,5,5,1,1,3,2,1,1,4,24,44,54,16,48
112,66,White,,Single,"Some college, no degree",13,Yes,,Very comfortable,Very comfortable,Michigan,No,0,"Yes, I have ___ siblings",1,No,"$50,000 - $74,999","Management, professional, and related",Poor,1,5,4,2,2,5,4,3,4,4,5,3,5,2,5,5,1,5,5,2,5,4,4,5,2,5,4,4,1,1,5,5,2,4,4,2,4,5,2,4,1,2,5,2,1,1,4,3,1,2,2,4,4,2,3,3,4,2,4,5,28,44,42,40,49
113,74,White,,Single,High school degree or equivalent,12,Yes,,Very comfortable,Very comfortable,Massachusetts,"Yes, I have ___ children",1,"Yes, I have ___ siblings",1,No,"$75,000 - $99,999","Production, transportation, and material moving",Fair,5,5,4,3,1,5,4,3,4,5,1,5,5,2,5,2,1,3,4,5,5,5,4,3,1,2,4,4,2,1,1,5,2,4,5,1,4,3,5,5,3,1,5,3,1,5,1,4,4,1,1,4,4,3,1,4,5,3,3,5,55,46,36,38,60
114,59,White,,Married,Professional degree,19,Yes,,Very comfortable,Very comfortable,Washington,"Yes, I have ___ children",3,"Yes, I have ___ siblings",1,No,"Over $150,000","Management, professional, and related",Excellent,5,4,2,5,2,2,4,2,5,5,1,1,5,1,4,3,3,2,2,5,2,1,2,5,1,1,5,2,5,2,2,4,3,1,5,1,2,3,1,3,4,1,5,5,1,3,2,2,4,3,2,5,5,1,1,4,5,3,1,4,46,53,46,14,52
115,62,White,,Married,High school degree or equivalent,12,Yes,,Very comfortable,Very comfortable,Ohio,"Yes, I have ___ children",1,"Yes, I have ___ siblings",3,Yes,"$35,000 - $49,999",Retired,Very good,4,3,1,2,3,5,4,2,2,3,2,5,5,4,5,2,2,4,5,4,4,4,2,3,1,1,5,2,2,1,4,3,4,1,4,1,2,4,2,5,3,4,4,2,1,4,3,1,3,2,3,3,5,3,2,4,3,2,5,4,47,37,52,42,51
116,62,White,,Divorced,"Some college, no degree",13,Yes,,Very comfortable,Very comfortable,California,"Yes, I have ___ children",2,"Yes, I have ___ siblings",2,Yes,"Over $150,000","Management, professional, and related",Very good,5,4,2,4,1,4,5,3,5,5,2,3,5,2,3,2,2,3,2,5,4,3,4,5,2,3,4,3,4,1,2,4,3,2,5,2,4,4,2,2,3,2,4,4,2,4,2,2,4,2,3,5,4,1,1,4,4,4,2,3,46,46,41,21,50
117,66,White,,Married,Professional degree,25,"No, my first language is: __",Russian,Very comfortable,Very comfortable,California,"Yes, I have ___ children",1,"Yes, I have ___ siblings",1,Yes,"$100,000 - $150,000",Unemployed,Fair,4,5,2,3,4,4,4,2,3,4,4,5,5,4,3,4,5,4,4,4,4,5,4,4,3,2,5,4,2,3,4,5,4,5,4,2,4,5,3,4,4,4,5,2,2,4,2,2,2,2,2,3,5,2,3,4,3,2,4,2,42,36,48,42,40
118,60,White,,Single,Master's degree,18,Yes,,Very comfortable,Very comfortable,Wyoming,No,0,"Yes, I have ___ siblings",5,No,"$75,000 - $99,999",Retired,Fair,4,3,2,3,4,2,4,3,4,4,4,3,4,2,3,5,4,4,3,2,2,2,3,4,4,3,4,3,4,3,4,4,4,4,3,4,4,4,2,3,2,4,4,4,2,2,3,1,2,4,4,4,4,2,4,3,3,3,2,3,27,38,45,30,33
119,65,White,,Divorced,Bachelor's degree,16,Yes,,Very comfortable,Very comfortable,Alabama,"Yes, I have ___ children",5,"Yes, I have ___ siblings",1,No,"$100,000 - $150,000","Management, professional, and related",Very good,5,5,1,4,1,4,5,1,5,5,3,1,5,1,5,1,1,5,3,5,4,1,1,5,1,2,5,1,4,1,1,5,5,2,5,2,1,5,1,5,3,3,5,5,1,5,1,1,4,1,1,5,5,1,1,4,3,1,1,5,51,56,60,18,60
120,64,White,,Married,Associate degree,15,Yes,,Very comfortable,Very comfortable,South Carolina,"Yes, I have ___ children",2,"Yes, I have ___ siblings",1,No,"$100,000 - $150,000",Sales and office,Good,4,4,1,3,1,3,4,1,4,4,2,3,4,4,4,4,1,4,4,5,2,2,2,4,2,3,4,2,3,1,2,4,2,2,5,3,2,4,2,4,4,2,4,2,2,4,1,1,2,1,4,4,4,2,2,4,3,3,3,5,39,48,48,35,54
121,55,White,,Married,"Some college, no degree",13,Yes,,Very comfortable,Very comfortable,North Carolina,"Yes, I have ___ children",1,"Yes, I have ___ siblings",2,No,"$35,000 - $49,999","Management, professional, and related",Fair,4,5,5,2,2,2,5,4,4,5,2,4,4,4,4,4,1,2,5,4,2,4,5,4,2,5,4,4,2,2,5,5,1,5,4,2,4,4,4,4,1,4,4,2,1,4,1,2,1,1,5,5,4,5,2,4,5,4,5,4,30,47,31,49,51
122,66,White,,Married,Master's degree,22,Yes,,Very comfortable,Very comfortable,Ohio,"Yes, I have ___ children",7,"Yes, I have ___ siblings",4,Yes,"$35,000 - $49,999",Retired,Very good,3,4,2,5,2,2,4,3,3,5,3,3,5,2,4,5,2,4,3,4,1,1,3,4,4,4,4,3,5,3,5,4,3,3,4,5,3,3,3,3,2,4,4,5,4,1,2,1,4,5,3,5,4,2,4,2,3,2,1,3,22,45,45,24,37
123,75,White,,Married,Master's degree,22,Yes,,Very comfortable,Very comfortable,Florida,"Yes, I have ___ children",1,"Yes, I have ___ siblings",1,No,"$50,000 - $74,999",Retired,Good,5,5,1,5,1,4,5,1,5,5,1,1,1,1,4,4,1,4,1,5,5,1,1,5,1,1,5,1,5,1,1,5,5,1,5,1,1,5,1,5,5,1,5,5,1,5,1,1,5,1,1,5,5,1,1,5,5,1,1,5,56,60,55,12,59
124,65,Asian,,Divorced,Professional degree,24,Yes,,Very comfortable,Very comfortable,Washington,"Yes, I have ___ children",2,"Yes, I have ___ siblings",3,No,"$75,000 - $99,999","Management, professional, and related",Good,4,4,1,5,1,4,5,1,5,5,1,1,5,1,5,2,1,5,1,5,5,1,1,5,1,3,2,1,5,1,1,5,4,1,5,2,1,5,1,5,3,4,5,5,2,3,2,1,5,1,2,5,5,1,1,3,3,1,1,4,47,50,59,12,58
125,65,White,,Widowed,Bachelor's degree,16,Yes,,Very comfortable,Very comfortable,Texas,"Yes, I have ___ children",1,"Yes, I have ___ siblings",3,No,"$35,000 - $49,999",Retired,Very good,5,5,1,5,1,5,5,1,5,5,1,1,5,1,5,1,1,5,1,5,5,1,1,5,1,1,5,1,5,1,1,5,5,1,5,1,1,5,1,5,5,3,5,5,1,5,1,1,5,4,2,5,5,1,1,5,5,1,1,5,59,58,60,12,57
126,62,White,,Married,"Some college, no degree",13,Yes,,Very comfortable,Very comfortable,New York,No,0,"Yes, I have ___ siblings",2,Yes,"$75,000 - $99,999","Production, transportation, and material moving",Good,2,5,1,4,2,1,5,1,4,5,2,1,5,2,5,5,1,5,2,5,3,1,1,5,2,1,5,1,4,1,4,5,5,2,5,2,1,5,2,5,3,2,5,5,1,2,1,1,2,4,4,5,5,2,1,4,5,1,4,5,33,59,60,26,55
127,72,White,,Married,Associate degree,14,Yes,,Very comfortable,Very comfortable,South Carolina,"Yes, I have ___ children",2,"Yes, I have ___ siblings",2,No,"$100,000 - $150,000",Retired,Excellent,5,5,1,5,1,5,5,1,5,5,1,1,5,1,5,1,1,5,1,5,5,1,1,5,1,1,5,1,5,1,1,5,5,1,5,1,1,5,1,5,5,1,5,5,1,5,1,1,5,1,1,5,5,1,1,5,5,1,1,5,60,60,60,12,60
128,62,White,,Separated,Bachelor's degree,16,Yes,,Very comfortable,Very comfortable,New York,"Yes, I have ___ children",2,"Yes, I have ___ siblings",1,No,"Over $150,000",Retired,Good,1,2,1,5,3,5,4,2,4,5,3,4,5,1,5,2,4,5,3,5,5,3,1,5,2,4,1,1,5,3,5,2,5,1,5,1,2,5,2,5,2,4,5,5,1,3,3,1,5,2,2,5,5,2,3,2,3,1,1,5,37,33,59,17,52
129,71,White,,Married,"Some college, no degree",14,Yes,,Very comfortable,Very comfortable,Ohio,"Yes, I have ___ children",3,"Yes, I have ___ siblings",1,No,"$50,000 - $74,999",Retired,Very good,4,5,1,5,2,2,5,1,5,,1,1,5,1,4,3,1,5,2,4,2,1,1,5,1,1,4,1,5,4,2,5,5,1,4,4,1,5,1,4,5,4,5,5,1,3,,1,4,1,4,5,5,1,1,4,2,1,1,4,41,48,60,14,46
130,64,White,,Married,Master's degree,17,Yes,,Very comfortable,Very comfortable,Illinois,"Yes, I have ___ children",4,"Yes, I have ___ siblings",2,Yes,"$100,000 - $150,000","Construction, extraction, and maintenance",Very good,2,5,1,4,1,2,5,1,4,5,2,2,5,1,4,5,1,5,2,5,2,1,1,5,1,1,5,1,5,1,5,5,5,2,5,4,2,5,1,5,5,2,5,5,2,2,2,1,2,1,5,5,5,2,1,4,5,1,1,4,31,56,60,20,57
131,61,White,,Married,Master's degree,18,Yes,,Very comfortable,Very comfortable,Georgia,"Yes, I have ___ children",1,"Yes, I have ___ siblings",3,No,"$75,000 - $99,999",Retired,Very good,2,4,1,4,2,3,4,1,4,4,2,4,5,2,4,5,2,4,2,4,4,1,2,4,4,2,4,2,5,2,4,4,4,3,4,3,4,4,2,3,2,2,4,4,2,2,2,2,4,2,3,4,4,1,2,2,4,2,2,4,32,45,51,23,45
132,64,White,,Married,Associate degree,14,Yes,,Very comfortable,Very comfortable,Georgia,"Yes, I have ___ children",2,"Yes, I have ___ siblings",2,No,"$50,000 - $74,999",Service,Fair,4,5,1,4,3,3,5,1,4,4,2,1,5,1,3,3,1,3,1,2,4,1,1,5,2,2,5,1,5,3,3,5,4,1,3,2,1,4,1,3,4,3,5,4,1,4,1,1,4,2,3,5,5,1,2,4,5,2,2,3,44,58,55,17,41
133,68,White,,Divorced,High school degree or equivalent,12,Yes,,Very comfortable,Very comfortable,Florida,No,0,No,0,No,"$35,000 - $49,999",Service,Very good,2,5,1,4,1,1,5,2,3,5,,,,,,,,,,,5,1,4,4,1,1,3,3,3,1,5,4,5,4,5,3,1,4,5,5,4,3,5,5,1,2,3,1,3,1,4,5,4,5,2,3,4,3,4,5,28,42,40,32,49
134,72,White,,Divorced,Master's degree,20,Yes,,Very comfortable,Very comfortable,California,"Yes, I have ___ children",1,"Yes, I have ___ siblings",1,No,"$35,000 - $49,999",Retired,Very good,1,4,2,3,3,2,4,2,4,4,2,3,4,2,3,5,2,4,4,3,1,2,2,4,3,2,4,3,3,4,5,4,4,4,4,4,4,4,2,3,4,2,4,3,3,1,2,2,3,2,4,4,4,2,2,4,4,2,2,2,27,45,47,32,38
135,61,White,,Married,High school degree or equivalent,12,Yes,,Very comfortable,Very comfortable,Texas,"Yes, I have ___ children",1,"Yes, I have ___ siblings",3,No,"$20,000 - $34,999",Sales and office,Very good,4,5,1,4,2,4,5,1,5,3,1,1,5,1,4,2,1,4,1,4,4,1,1,5,4,2,3,1,5,2,2,4,5,1,4,2,1,5,1,2,4,5,5,5,2,4,1,1,4,4,2,5,4,1,1,4,2,1,1,3,49,50,58,14,41
136,86,White,,Married,Bachelor's degree,16,Yes,,Very comfortable,Very comfortable,North Carolina,"Yes, I have ___ children",1,"Yes, I have ___ siblings",2,No,"$100,000 - $150,000",Service,Very good,5,4,1,4,1,4,5,1,4,5,1,1,2,2,5,2,4,5,1,4,5,2,1,4,5,2,5,2,4,2,1,5,5,2,4,1,2,5,2,4,5,1,5,4,1,4,1,2,2,1,1,4,5,1,2,5,4,1,2,5,56,52,55,24,51
137,47,White,,Divorced,Bachelor's degree,20,Yes,,Very comfortable,Very comfortable,Illinois,"Yes, I have ___ children",1,"Yes, I have ___ siblings",0,No,"$50,000 - $74,999",Retired,Good,4,5,1,4,1,4,5,2,4,5,2,4,5,2,4,4,2,4,2,5,4,4,4,5,1,4,4,2,2,1,2,4,2,2,5,2,2,4,1,4,2,2,5,4,1,4,2,2,2,1,2,5,5,2,2,4,5,2,2,5,42,48,48,26,57
138,60,Black or African American,,Married,Bachelor's degree,14,Yes,,Very comfortable,Very comfortable,North Carolina,"Yes, I have ___ children",2,"Yes, I have ___ siblings",2,Yes,"$50,000 - $74,999",Sales and office,Excellent,4,4,1,4,1,4,5,1,5,3,4,1,5,1,4,4,1,5,1,4,5,1,1,4,1,1,5,1,5,4,4,5,5,1,5,1,1,5,1,4,5,4,5,5,1,1,4,1,1,1,5,5,5,1,1,4,5,1,1,5,40,53,60,18,52
139,39,White,,Married,High school degree or equivalent,12,Yes,,Very comfortable,Very comfortable,Wisconsin,"Yes, I have ___ children",2,"Yes, I have ___ siblings",2,Yes,"$75,000 - $99,999",Service,Very good,4,4,2,4,4,4,4,2,4,4,4,3,4,2,3,2,3,4,2,2,4,3,2,4,4,2,3,2,4,4,3,4,4,2,2,2,3,4,2,2,4,4,4,4,3,4,4,2,4,4,3,4,4,2,4,4,4,2,2,3,44,39,48,24,29
140,64,Hispanic,,Divorced,Associate degree,15,Yes,,Very comfortable,Very comfortable,Florida,"Yes, I have ___ children",1,No,0,No,"$10,000 - $19,999",Sales and office,Very good,1,5,4,4,1,2,4,3,4,5,2,2,4,1,5,5,1,4,2,5,2,2,4,5,1,3,4,4,4,1,5,4,2,4,5,4,2,4,3,4,4,4,5,4,1,2,3,2,3,1,4,4,5,2,1,4,4,2,1,5,28,47,41,25,59
141,70,White,,Divorced,High school degree or equivalent,12,Yes,,Very comfortable,Very comfortable,Texas,"Yes, I have ___ children",3,"Yes, I have ___ siblings",5,No,"$10,000 - $19,999","Management, professional, and related",Good,3,5,1,4,1,1,5,2,4,5,1,1,5,4,4,4,1,5,4,5,1,1,1,4,1,4,5,1,4,1,3,4,2,4,5,3,1,5,3,5,2,2,5,3,1,4,1,2,1,1,5,5,5,4,1,5,5,2,3,5,32,58,54,38,59
142,65,White,,Married,Bachelor's degree,16,Yes,,Very comfortable,Very comfortable,California,No,0,"Yes, I have ___ siblings",2,No,"$100,000 - $150,000",Retired,Very good,2,4,2,4,4,2,4,2,4,4,2,2,4,2,4,4,4,4,2,2,2,2,3,4,1,2,4,2,4,2,4,4,4,2,4,3,2,4,2,4,4,,4,4,1,2,3,2,4,4,4,4,4,2,1,2,4,1,2,4,31,41,48,24,45
143,69,White,,Married,"Some college, no degree",14,Yes,,Very comfortable,Very comfortable,Texas,No,0,"Yes, I have ___ siblings",1,No,"$35,000 - $49,999",Retired,Good,3,5,3,4,4,3,5,3,5,5,4,2,5,3,4,4,2,4,4,3,3,2,4,4,2,3,4,3,5,4,4,4,3,5,4,4,2,4,4,3,3,4,5,5,3,3,2,2,3,4,2,5,,5,2,4,3,2,2,3,34,48,40,33,39
144,60,Black or African American,,Living with a partner,Bachelor's degree,16,Yes,,Very comfortable,Very comfortable,New Jersey,No,0,"Yes, I have ___ siblings",1,No,"$20,000 - $34,999",Retired,Good,4,5,3,5,4,2,5,4,4,3,1,1,5,1,2,4,2,4,1,1,1,1,2,5,5,4,4,1,5,4,4,5,2,1,4,3,1,5,1,1,2,2,5,4,1,5,1,1,5,2,3,5,5,1,4,3,2,1,1,1,34,54,50,14,28
145,70,White,,Married,Master's degree,18,Yes,,Very comfortable,Very comfortable,Iowa,"Yes, I have ___ children",3,"Yes, I have ___ siblings",3,Yes,"$100,000 - $150,000","Construction, extraction, and maintenance",Excellent,5,5,1,5,5,5,5,1,5,1,1,1,5,1,5,5,1,5,1,5,5,1,1,5,1,1,5,1,5,5,1,5,5,1,5,5,1,5,1,,5,1,5,5,1,5,1,1,1,1,1,5,5,1,5,5,5,1,1,,52,60,60,16,34
146,65,White,,Living with a partner,"Some college, no degree",13,Yes,,Very comfortable,Very comfortable,Pennsylvania,"Yes, I have ___ children",2,"Yes, I have ___ siblings",3,Yes,"$75,000 - $99,999","Management, professional, and related",Very good,4,3,1,5,2,4,4,3,4,3,2,4,5,1,4,2,2,5,2,3,3,2,2,4,4,3,3,2,4,2,2,3,5,1,3,2,2,4,1,2,3,4,5,4,2,3,2,1,4,2,3,4,4,1,2,3,2,1,1,4,42,39,54,18,41
147,61,Black or African American,,Married,"Some college, no degree",16,Yes,,Very comfortable,Very comfortable,Tennessee,"Yes, I have ___ children",2,"Yes, I have ___ siblings",4,Yes,"$20,000 - $34,999",Service,Very good,5,5,1,3,4,5,5,1,4,5,5,5,5,5,5,5,5,5,5,5,5,5,2,5,1,1,5,1,5,1,5,5,5,5,5,5,5,5,5,5,5,4,4,5,2,2,2,2,3,3,4,4,4,5,5,5,5,1,2,3,38,39,56,38,48
148,67,Black or African American,,Single,Master's degree,18,Yes,,Very comfortable,Very comfortable,California,No,0,"Yes, I have ___ siblings",3,No,"$35,000 - $49,999","Management, professional, and related",Excellent,3,5,1,4,1,5,5,1,4,5,1,2,5,1,5,5,1,5,3,5,3,1,1,5,1,1,4,1,5,1,5,5,5,1,5,1,1,5,1,5,5,4,5,5,1,1,2,1,3,1,3,5,5,1,1,4,3,1,1,5,41,52,60,18,60
149,69,White,,Living with a partner,Associate degree,15,Yes,,Very comfortable,Very comfortable,Ohio,,0,"Yes, I have ___ siblings",1,,"$20,000 - $34,999",Retired,Good,4,5,3,5,1,3,5,2,4,5,1,1,5,1,4,3,1,3,2,5,2,1,3,5,1,4,5,2,5,1,3,5,3,2,5,3,1,4,1,3,3,2,5,5,1,3,1,2,5,1,2,5,5,1,1,4,4,1,2,4,39,58,48,16,56
150,61,Black or African American,,Living with a partner,Master's degree,17,Yes,,Very comfortable,Very comfortable,South Carolina,No,0,"Yes, I have ___ siblings",3,No,"$100,000 - $150,000","Construction, extraction, and maintenance",Good,4,5,1,4,2,4,5,1,5,4,1,1,5,1,4,2,1,5,4,4,3,1,1,5,2,1,5,2,4,2,4,5,5,4,5,4,2,5,2,5,5,2,5,4,2,1,1,1,4,2,4,5,5,2,2,5,2,4,3,5,42,55,56,26,51
151,60,White,,Divorced,"Some college, no degree",14,Yes,,Very comfortable,Very comfortable,Georgia,No,0,"Yes, I have ___ siblings",1,No,"$10,000 - $19,999",Service,Fair,4,4,4,2,1,3,4,1,2,5,2,1,2,3,4,2,1,1,4,5,3,2,2,4,1,4,4,4,3,1,1,4,2,4,5,3,3,3,4,5,1,1,3,4,1,4,1,4,2,1,2,4,3,4,1,3,4,4,3,5,40,51,31,41,59
152,69,White,,Married,Bachelor's degree,16,Yes,,Very comfortable,Very comfortable,Arizona,"Yes, I have ___ children",2,"Yes, I have ___ siblings",3,Yes,"Over $150,000","Construction, extraction, and maintenance",Good,4,5,1,4,1,5,5,1,5,4,2,1,5,1,5,3,2,4,2,5,5,1,2,5,1,2,1,1,5,1,1,5,5,1,5,1,1,4,1,1,5,1,5,5,2,4,1,1,4,1,2,5,5,1,1,5,4,1,2,5,53,54,57,16,54
153,60,White,,Married,High school degree or equivalent,12,Yes,,Very comfortable,Very comfortable,Massachusetts,"Yes, I have ___ children",1,"Yes, I have ___ siblings",2,No,"$20,000 - $34,999",Retired,Very good,4,4,1,5,4,5,5,3,5,5,4,3,5,1,5,3,3,5,4,5,4,1,1,5,5,4,3,1,5,2,2,4,5,1,5,2,3,5,1,5,4,4,5,5,1,4,3,1,5,2,4,5,5,1,1,3,3,1,1,5,41,43,58,15,51
154,62,"Other, please specify:",Asian/African/American,Widowed,High school degree or equivalent,12,"No, my first language is: __",Creole,Comfortable,Comfortable,Pennsylvania,"Yes, I have ___ children",2,"Yes, I have ___ siblings",6,Yes,"$35,000 - $49,999",Unemployed,Good,4,5,2,3,3,3,4,2,4,4,2,1,4,2,4,4,1,3,4,3,1,1,2,4,3,2,5,2,4,2,4,5,4,3,3,4,2,4,2,2,4,2,4,4,3,3,2,2,2,2,2,5,4,2,3,4,5,2,2,3,37,56,47,30,39
155,67,White,,Married,Doctorate,40,Yes,,Very comfortable,Very comfortable,New York,"Yes, I have ___ children",4,"Yes, I have ___ siblings",3,Yes,"Over $150,000","Management, professional, and related",Excellent,2,2,3,4,3,3,2,4,3,2,5,4,4,3,4,3,5,3,5,2,4,3,4,3,2,3,1,2,2,2,4,3,4,1,3,2,3,4,3,4,3,4,3,4,3,4,1,2,3,2,3,3,5,3,2,2,4,3,3,4,34,31,41,35,41
156,71,White,,Married,Master's degree,18,Yes,,Comfortable,Comfortable,Michigan,No,0,"Yes, I have ___ siblings",2,Yes,"$50,000 - $74,999",Retired,Very good,4,4,2,4,2,4,4,2,5,4,2,4,4,4,4,5,2,5,4,5,4,4,2,5,2,1,5,4,4,2,5,4,5,5,5,4,2,5,4,4,4,2,5,4,2,4,2,1,2,2,2,4,5,4,5,4,4,2,4,4,41,45,52,37,47
157,76,White,,Widowed,High school degree or equivalent,12,Yes,,Very comfortable,Very comfortable,Texas,"Yes, I have ___ children",3,"Yes, I have ___ siblings",1,No,"Under $10,000",Retired,Fair,4,2,1,5,4,4,5,3,2,5,2,5,1,5,3,4,2,3,5,2,3,5,4,5,3,3,2,1,1,4,4,3,1,4,2,3,1,1,4,5,3,2,2,5,4,3,5,4,1,1,4,2,5,5,2,3,2,3,1,4,36,32,33,41,39
158,62,White,,Divorced,Bachelor's degree,16,Yes,,Very comfortable,Very comfortable,Kansas,"Yes, I have ___ children",3,"Yes, I have ___ siblings",3,No,"$100,000 - $150,000","Management, professional, and related",Very good,4,5,1,3,2,3,5,1,4,4,1,1,4,1,4,2,1,5,1,4,2,1,1,3,1,1,5,1,5,2,2,5,5,5,4,2,1,4,1,4,4,1,5,5,2,4,1,1,4,2,2,4,5,1,1,5,5,1,1,4,48,59,58,22,50
159,77,White,,Married,Master's degree,16,Yes,,Very comfortable,Very comfortable,Michigan,"Yes, I have ___ children",3,No,0,Yes,"$100,000 - $150,000",Retired,Good,4,5,2,4,4,3,3,2,3,4,3,2,4,3,3,4,4,4,3,4,3,2,2,4,4,3,4,4,4,5,4,4,5,3,4,4,1,3,4,5,4,4,4,3,2,3,3,2,3,3,3,4,4,3,2,4,4,2,4,4,36,44,46,35,40
160,63,White,,Married,Bachelor's degree,16,Yes,,Very comfortable,Very comfortable,Kentucky,"Yes, I have ___ children",2,"Yes, I have ___ siblings",2,No,"$100,000 - $150,000","Management, professional, and related",Very good,5,5,1,5,1,5,5,1,5,5,1,1,5,1,5,1,2,5,1,5,5,1,1,5,1,1,5,1,5,1,1,5,5,1,5,1,1,5,1,5,5,1,5,5,1,5,1,1,5,1,3,5,5,1,1,5,5,1,1,5,58,59,60,12,60
161,65,White,,Divorced,Doctorate,31,Yes,,Very comfortable,Very comfortable,Wisconsin,"Yes, I have ___ children",3,"Yes, I have ___ siblings",5,Yes,"$75,000 - $99,999","Management, professional, and related",Very good,4,5,1,4,4,5,4,1,5,4,2,1,5,4,4,5,4,4,3,4,4,3,4,4,3,5,4,3,5,4,4,3,5,2,5,4,4,5,3,4,5,4,3,4,2,3,1,3,2,4,4,3,4,2,3,5,5,4,5,4,38,43,46,31,41
162,61,Black or African American,,Single,"Some college, no degree",13,Yes,,Very comfortable,Very comfortable,New York,No,0,"Yes, I have ___ siblings",2,Yes,"$20,000 - $34,999",Sales and office,Good,4,5,1,5,1,4,5,2,5,5,1,1,5,1,5,5,1,5,1,5,4,1,2,5,1,2,5,1,5,2,4,5,5,1,4,3,1,5,1,5,4,1,5,5,1,3,1,1,5,1,2,5,5,1,2,5,4,1,1,5,43,59,58,12,57
163,67,Black or African American,,Living with a partner,Master's degree,18,Yes,,Very comfortable,Very comfortable,Pennsylvania,"Yes, I have ___ children",3,"Yes, I have ___ siblings",3,Yes,"$50,000 - $74,999",Sales and office,Very good,5,5,1,5,2,5,5,1,5,5,1,1,5,1,4,1,5,5,1,5,5,5,1,5,1,1,5,1,1,,1,5,5,1,5,1,1,5,1,5,5,1,5,5,1,4,1,1,4,1,1,5,5,1,1,5,5,1,1,5,59,52,60,17,53
164,60,White,,Married,High school degree or equivalent,12,Yes,,Very comfortable,Very comfortable,Florida,"Yes, I have ___ children",1,"Yes, I have ___ siblings",3,No,"$20,000 - $34,999","Management, professional, and related",Fair,2,5,2,4,2,1,5,2,2,5,2,4,5,2,4,5,1,2,1,4,1,1,2,4,2,2,4,2,4,1,5,5,2,2,4,4,1,4,2,5,2,2,5,4,1,2,2,2,2,4,3,5,4,2,1,2,4,4,1,4,25,53,44,26,51
165,66,Black or African American,,Single,Bachelor's degree,16,Yes,,Very comfortable,Very comfortable,North Carolina,No,0,"Yes, I have ___ siblings",4,Yes,"$20,000 - $34,999",Retired,Excellent,4,5,1,5,3,4,5,1,5,3,4,1,5,1,3,4,1,5,1,3,3,1,1,5,3,2,5,1,5,2,4,5,5,1,4,2,1,5,1,3,4,1,5,5,1,4,1,1,5,3,3,5,5,1,3,4,4,1,1,3,40,59,60,12,40
166,66,White,,Divorced,"Some college, no degree",15,Yes,,Very comfortable,Very comfortable,Virginia,"Yes, I have ___ children",3,"Yes, I have ___ siblings",4,No,"$35,000 - $49,999",Retired,Fair,2,5,2,5,1,1,5,4,5,5,2,1,4,1,5,4,1,3,2,5,2,1,5,4,1,5,5,2,5,1,4,5,3,1,5,2,1,4,1,3,1,1,5,5,1,2,1,1,5,1,3,5,5,1,1,3,5,1,1,5,27,60,45,14,58
167,61,White,,Married,Professional degree,22,Yes,,Very comfortable,Very comfortable,Texas,"Yes, I have ___ children",3,"Yes, I have ___ siblings",2,Yes,"Over $150,000","Management, professional, and related",Good,4,4,2,3,4,4,3,2,3,4,4,3,2,3,4,3,4,3,3,3,4,2,3,4,5,3,3,3,4,3,4,3,3,3,4,4,3,3,3,3,4,3,3,3,4,,3,3,2,4,4,3,2,2,2,3,4,4,4,3,33,38,35,35,35
168,78,White,,Married,Bachelor's degree,16,Yes,,Very comfortable,Very comfortable,Virginia,"Yes, I have ___ children",3,"Yes, I have ___ siblings",2,Yes,"$35,000 - $49,999","Construction, extraction, and maintenance",Excellent,4,5,2,4,3,5,5,1,4,5,2,1,2,3,4,5,4,5,4,5,4,3,2,5,4,5,4,2,5,1,4,5,5,2,4,5,1,5,4,4,5,4,4,5,2,1,2,1,1,3,4,5,5,2,1,4,5,1,2,5,34,50,53,29,49
169,70,White,,Divorced,Master's degree,21,Yes,,Very comfortable,Very comfortable,North Carolina,No,0,"Yes, I have ___ siblings",2,No,"$75,000 - $99,999",Retired,Good,5,5,1,4,1,5,5,2,5,5,1,4,5,1,4,1,1,5,4,5,5,1,2,4,1,2,4,1,5,2,1,5,4,4,5,3,2,5,3,5,5,1,5,4,1,5,1,1,3,1,2,5,5,2,4,5,3,1,,4,56,53,57,25,54
170,61,White,,Single,High school degree or equivalent,12,Yes,,Very comfortable,Very comfortable,Alabama,No,0,"Yes, I have ___ siblings",3,No,"$50,000 - $74,999",Sales and office,Good,4,5,2,5,2,4,4,1,5,5,1,1,5,1,4,4,1,4,4,4,3,1,1,5,1,2,5,2,5,2,4,5,2,1,5,1,4,4,1,5,4,1,5,5,1,4,2,1,5,1,2,4,5,1,1,5,5,2,1,3,46,54,52,15,54
171,73,White,,Married,Bachelor's degree,16,Yes,,Comfortable,Comfortable,New Jersey,"Yes, I have ___ children",3,"Yes, I have ___ siblings",3,Yes,"$50,000 - $74,999",Service,Very good,4,4,3,4,4,4,4,1,3,2,2,2,2,3,4,3,4,3,3,3,4,3,2,4,3,3,4,2,3,4,2,3,4,3,4,2,4,4,4,4,4,4,4,4,2,4,2,3,3,3,2,4,3,2,2,4,4,3,2,3,46,40,42,32,38
172,64,White,,Married,Bachelor's degree,16,Yes,,Very comfortable,Very comfortable,Massachusetts,"Yes, I have ___ children",2,"Yes, I have ___ siblings",1,Yes,"Over $150,000","Management, professional, and related",Very good,4,4,1,4,1,4,5,1,5,5,1,1,5,1,5,5,1,5,1,5,5,1,1,5,1,1,4,1,5,1,5,4,5,1,5,3,1,5,1,5,5,1,5,4,2,2,1,1,4,1,1,5,5,1,1,5,4,1,1,5,45,56,60,15,59
173,61,White,,Widowed,Bachelor's degree,4,Yes,,Very comfortable,Very comfortable,Washington,"Yes, I have ___ children",2,"Yes, I have ___ siblings",3,Yes,"$50,000 - $74,999","Management, professional, and related",Very good,4,5,4,4,2,3,5,2,4,4,2,3,5,2,4,3,5,3,3,4,4,2,5,4,2,2,4,2,4,2,4,4,4,4,4,2,2,4,2,4,4,4,5,3,2,3,2,2,2,2,3,5,2,2,4,4,3,1,1,5,42,44,43,29,47
174,68,White,,Divorced,Doctorate,29,Yes,,Very comfortable,Very comfortable,Ohio,"Yes, I have ___ children",3,"Yes, I have ___ siblings",4,Yes,"$75,000 - $99,999","Management, professional, and related",Very good,5,5,4,4,3,3,4,1,4,4,2,1,5,4,4,5,2,5,3,4,4,1,5,4,2,5,5,1,4,2,3,5,5,1,3,2,4,5,1,4,4,2,4,5,1,4,1,1,4,2,5,4,5,2,2,4,4,5,4,5,38,52,48,26,48
175,59,Black or African American,,Married,Bachelor's degree,18,Yes,,Very comfortable,Very comfortable,California,"Yes, I have ___ children",3,"Yes, I have ___ siblings",2,Yes,"$75,000 - $99,999",Service,Excellent,5,5,1,5,1,5,5,1,5,5,1,1,5,5,1,4,5,5,1,1,5,1,1,4,4,4,4,1,5,1,5,5,5,1,5,1,1,5,1,5,5,5,5,5,1,5,5,1,1,1,5,5,5,1,1,5,5,5,5,5,46,47,56,25,49
176,58,White,,Married,"Some college, no degree",13,Yes,,Very comfortable,Very comfortable,Kentucky,"Yes, I have ___ children",2,"Yes, I have ___ siblings",1,No,"$35,000 - $49,999","Management, professional, and related",Good,1,5,2,5,5,1,5,1,4,2,5,1,5,1,1,5,1,4,1,1,1,1,1,2,5,5,1,1,5,5,5,4,3,1,1,4,1,5,1,1,1,5,5,5,4,1,2,2,5,5,2,5,4,1,5,1,1,1,1,1,16,46,54,16,14
177,68,White,,Married,Associate degree,14,Yes,,Very comfortable,Very comfortable,Virginia,"Yes, I have ___ children",4,No,0,Yes,"$20,000 - $34,999",Retired,Fair,4,5,1,5,3,4,5,1,4,3,1,1,5,1,3,2,1,5,4,4,1,1,1,5,1,2,5,1,5,2,1,5,5,1,5,3,1,5,1,3,4,1,5,5,3,5,1,1,5,1,2,5,5,1,3,5,5,1,1,3,48,60,60,16,44
178,65,White,,Divorced,Associate degree,15,Yes,,Very comfortable,Very comfortable,Kentucky,No,0,"Yes, I have ___ siblings",1,No,"$20,000 - $34,999",Retired,Very good,2,5,2,4,2,1,5,1,4,4,2,1,4,2,4,4,1,3,1,5,1,1,2,4,3,1,4,1,4,2,4,4,3,2,4,4,2,5,1,3,4,4,5,4,2,2,1,1,4,3,4,5,5,1,3,3,2,1,1,4,30,51,53,20,45
179,61,White,,Single,Master's degree,22,Yes,,Very comfortable,Very comfortable,Texas,No,0,"Yes, I have ___ siblings",1,Yes,"$75,000 - $99,999","Management, professional, and related",Good,4,5,2,2,2,5,4,3,3,5,1,2,4,2,5,2,1,4,4,5,4,2,1,5,1,2,3,2,4,1,4,1,4,2,4,1,4,4,1,5,4,2,5,2,1,4,1,1,4,1,2,4,5,1,1,4,4,1,4,5,49,45,52,30,58
180,56,White,,Married,Bachelor's degree,17,Yes,,Very comfortable,Very comfortable,Texas,"Yes, I have ___ children",3,"Yes, I have ___ siblings",2,Yes,"$100,000 - $150,000","Management, professional, and related",Good,1,4,2,5,5,2,5,2,4,5,1,1,5,1,4,5,3,4,4,2,2,2,2,4,1,4,4,3,5,5,5,4,4,2,3,4,1,5,1,4,2,4,5,5,5,1,4,2,4,5,2,5,5,1,1,2,2,3,1,4,25,45,50,19,36
181,61,White,,Married,Bachelor's degree,16,Yes,,Very comfortable,Very comfortable,Texas,"Yes, I have ___ children",1,"Yes, I have ___ siblings",1,No,"$100,000 - $150,000",Retired,Good,2,3,5,2,2,2,4,3,2,5,4,5,2,4,5,4,3,4,3,3,4,4,5,4,1,5,2,4,2,1,5,3,2,5,2,4,4,2,4,5,1,5,3,3,1,3,4,4,2,5,2,4,2,4,1,2,2,4,3,5,26,29,26,44,50
182,64,Hispanic,,Married,Bachelor's degree,16,Yes,,Very comfortable,Comfortable,Florida,No,0,"Yes, I have ___ siblings",4,Yes,"$100,000 - $150,000","Management, professional, and related",Very good,5,5,2,3,2,5,5,2,4,5,1,2,5,1,5,1,1,5,1,4,4,1,1,4,1,1,5,4,4,1,1,4,4,2,4,1,1,5,1,4,5,1,5,4,1,4,1,2,2,2,2,5,5,1,2,5,5,2,2,5,57,58,52,23,54
183,36,White,,Married,Master's degree,18,Yes,,Very comfortable,Very comfortable,New Jersey,"Yes, I have ___ children",2,"Yes, I have ___ siblings",3,Yes,"$100,000 - $150,000","Management, professional, and related",Excellent,5,5,1,5,4,3,4,1,5,1,1,1,5,1,4,1,1,5,1,5,5,1,1,5,1,1,5,1,5,4,1,5,5,1,4,1,1,5,1,4,5,1,5,5,1,1,1,1,1,1,1,4,5,1,1,5,4,1,1,4,54,57,60,16,46
184,66,White,,Divorced,Professional degree,19,Yes,,Very comfortable,Very comfortable,North Carolina,"Yes, I have ___ children",2,"Yes, I have ___ siblings",2,No,"$75,000 - $99,999","Management, professional, and related",Very good,4,5,1,5,1,4,5,1,5,5,1,2,5,1,4,4,5,5,4,4,5,1,1,5,1,1,4,1,5,1,4,5,5,5,4,2,1,5,1,5,5,4,5,5,1,2,1,1,4,1,1,5,5,1,1,4,2,1,1,5,47,48,60,20,57
185,67,White,,Divorced,Bachelor's degree,16,Yes,,Very comfortable,Very comfortable,Illinois,"Yes, I have ___ children",3,"Yes, I have ___ siblings",3,No,"$35,000 - $49,999",Service,Good,3,4,2,4,3,3,4,2,3,3,2,2,4,2,4,3,2,4,3,4,3,2,3,4,2,3,4,3,4,2,3,4,3,2,4,3,2,3,2,3,3,3,4,4,3,3,2,2,4,2,2,4,4,2,2,3,3,2,2,4,38,46,44,26,44
186,70,White,,Divorced,Doctorate,24,Yes,,Very comfortable,Very comfortable,Connecticut,No,0,"Yes, I have ___ siblings",0,No,"$20,000 - $34,999",Service,Good,2,5,2,2,1,2,5,1,4,5,2,1,5,2,5,4,1,4,4,5,2,1,4,5,2,3,4,2,4,1,4,4,2,4,5,2,1,5,3,4,2,2,5,4,1,4,1,1,3,1,2,5,5,2,1,4,5,2,3,5,35,57,50,32,58
187,73,White,,Married,Bachelor's degree,16,Yes,,Comfortable,Comfortable,New York,"Yes, I have ___ children",2,"Yes, I have ___ siblings",2,Yes,"$50,000 - $74,999","Management, professional, and related",Good,4,4,1,2,4,3,4,4,3,3,2,1,2,2,2,2,4,4,3,3,3,1,1,4,1,1,4,1,4,4,3,3,4,4,4,4,3,4,1,4,4,2,4,3,4,3,3,4,4,4,3,3,4,3,4,4,5,4,3,4,42,45,43,32,35
188,61,White,,Divorced,Master's degree,18,Yes,,Very comfortable,Very comfortable,Texas,"Yes, I have ___ children",1,"Yes, I have ___ siblings",2,No,"$100,000 - $150,000",Retired,Good,4,4,5,2,5,3,4,5,3,3,4,2,4,3,2,4,3,4,3,1,3,2,5,4,2,5,4,3,3,4,4,4,1,4,1,3,2,2,3,2,2,4,3,4,4,3,3,5,3,4,3,4,3,2,4,3,4,4,2,2,31,44,26,34,24
189,75,White,,Single,Associate degree,14,Yes,,Very comfortable,Very comfortable,Iowa,"Yes, I have ___ children",2,"Yes, I have ___ siblings",8,No,"$35,000 - $49,999",Retired,Fair,5,5,2,4,1,1,5,1,4,5,1,1,4,1,4,2,4,2,1,5,1,1,1,4,2,2,5,1,4,1,1,4,2,2,5,2,1,4,1,4,4,1,5,5,1,4,1,1,4,2,4,5,5,1,1,4,5,1,1,5,43,56,51,18,56
190,75,White,,Married,Master's degree,18,Yes,,Very comfortable,Very comfortable,Ohio,"Yes, I have ___ children",2,"Yes, I have ___ siblings",1,Yes,"$35,000 - $49,999",Retired,Very good,2,5,3,4,2,2,5,1,5,5,2,3,5,1,4,4,1,3,4,4,2,1,2,5,2,1,5,1,5,1,4,5,3,2,4,3,2,4,3,4,5,4,5,5,1,2,5,3,2,1,3,5,5,3,2,4,3,1,5,4,36,48,50,28,52
191,69,White,,Married,Bachelor's degree,16,Yes,,Very comfortable,Very comfortable,Texas,"Yes, I have ___ children",2,No,0,No,"$75,000 - $99,999",Sales and office,Very good,5,5,2,4,1,5,5,2,4,5,2,4,5,2,5,1,1,4,2,5,4,2,1,4,1,1,5,2,4,1,1,5,2,2,5,2,2,5,1,4,5,4,5,4,2,5,1,,5,2,2,5,5,1,1,5,4,2,2,5,56,51,47,21,57
192,67,American Indian or Alaska Native,,Living with a partner,Bachelor's degree,20,Yes,,Very comfortable,Very comfortable,Oklahoma,"Yes, I have ___ children",2,"Yes, I have ___ siblings",3,No,"$100,000 - $150,000","Management, professional, and related",Good,4,5,4,5,1,1,4,4,5,5,1,1,4,1,4,4,1,1,4,5,1,1,4,5,1,3,4,2,5,1,4,5,2,1,5,2,1,4,1,3,2,1,4,4,1,2,1,4,4,1,2,5,4,1,1,4,5,2,1,4,34,58,35,17,56
193,66,White,,Single,Bachelor's degree,18,Yes,,Very comfortable,Very comfortable,Ohio,No,0,"Yes, I have ___ siblings",2,No,"$20,000 - $34,999",Service,Very good,5,5,2,2,1,5,5,2,5,5,1,1,5,4,5,2,1,4,4,5,3,1,4,4,1,3,5,2,3,1,2,5,4,4,5,3,1,5,4,5,4,2,5,3,1,5,1,2,2,1,3,5,5,3,1,5,5,3,4,5,49,59,49,40,60
194,64,White,,Widowed,Bachelor's degree,16,Yes,,Very comfortable,Very comfortable,Missouri,"Yes, I have ___ children",3,"Yes, I have ___ siblings",1,Yes,"$50,000 - $74,999","Management, professional, and related",Good,4,5,1,5,4,5,5,2,5,4,1,1,5,1,5,4,4,4,2,4,5,1,2,5,2,4,5,2,5,1,4,5,5,2,5,3,2,4,1,3,5,1,4,5,1,1,5,1,1,1,3,5,5,1,3,5,4,1,4,4,42,51,54,21,49
195,71,Black or African American,,Living with a partner,Bachelor's degree,18,Yes,,Very comfortable,Very comfortable,Pennsylvania,"Yes, I have ___ children",2,"Yes, I have ___ siblings",1,Yes,"$100,000 - $150,000","Management, professional, and related",Excellent,5,5,1,5,5,1,5,1,4,5,1,1,5,1,5,2,5,5,1,5,5,1,1,5,1,1,5,1,5,1,1,5,5,1,5,1,1,5,1,3,5,2,5,5,1,2,1,1,4,1,1,5,5,1,1,5,5,1,5,5,52,55,60,18,54
196,71,White,,Living with a partner,Bachelor's degree,18,Yes,,Very comfortable,Very comfortable,Texas,"Yes, I have ___ children",2,"Yes, I have ___ siblings",1,Yes,"$100,000 - $150,000","Management, professional, and related",Excellent,5,5,1,5,5,2,5,1,5,5,1,1,4,1,5,3,1,5,2,4,4,1,1,5,1,1,5,1,5,4,1,5,5,1,5,1,1,5,1,4,5,3,5,5,2,3,1,1,4,2,1,5,5,1,1,5,5,1,1,5,52,58,59,14,49
197,64,Black or African American,,Single,Bachelor's degree,16,Yes,,Very comfortable,Very comfortable,Louisiana,No,0,"Yes, I have ___ siblings",6,Yes,"$75,000 - $99,999",Retired,Fair,4,5,4,5,4,1,5,4,5,5,1,1,5,1,5,5,1,4,1,4,1,1,1,5,1,4,5,1,5,1,5,5,4,1,5,1,1,4,2,1,4,1,5,5,1,2,1,1,2,2,1,5,5,4,3,5,5,4,1,4,36,60,48,19,48
198,32,Black or African American,,Married,Bachelor's degree,4,Yes,,Comfortable,Comfortable,Arizona,"Yes, I have ___ children",0,"Yes, I have ___ siblings",0,Yes,"$75,000 - $99,999","Production, transportation, and material moving",Very good,4,4,4,4,4,4,4,2,4,4,4,4,4,4,4,4,4,4,4,4,4,4,4,4,4,4,4,4,4,4,4,2,4,2,4,4,2,4,4,4,4,4,4,4,4,4,4,4,4,4,4,4,4,4,4,4,4,4,4,4,36,36,38,34,36
199,49,Black or African American,,Married,Bachelor's degree,4,Yes,,Very comfortable,Very comfortable,North Carolina,"Yes, I have ___ children",0,"Yes, I have ___ siblings",0,Yes,"$50,000 - $74,999",Service,Excellent,4,4,4,4,4,4,4,4,4,4,4,4,4,4,4,4,4,4,4,4,4,4,4,4,4,,4,4,4,4,4,4,4,4,4,4,4,4,4,4,4,4,4,4,4,4,4,4,4,4,4,4,4,4,4,4,4,4,4,4,34,36,36,36,36
200,71,Black or African American,,Married,Bachelor's degree,17,Yes,,Very comfortable,Very comfortable,Georgia,"Yes, I have ___ children",0,"Yes, I have ___ siblings",0,No,"$100,000 - $150,000",Service,Good,5,4,1,4,5,4,4,2,5,5,4,2,1,2,4,4,5,5,3,1,5,2,1,3,2,1,5,4,4,2,3,4,5,4,4,2,3,5,2,4,5,4,3,4,3,1,2,2,5,4,3,4,2,5,4,5,2,3,5,4,44,41,44,32,38
201,61,White,,Single,Professional degree,17,Yes,,Very comfortable,Very comfortable,Florida,No,0,"Yes, I have ___ siblings",1,No,"$20,000 - $34,999",Service,Good,4,5,4,2,5,2,5,1,4,5,1,2,5,4,4,4,1,4,5,5,2,1,4,4,2,4,5,2,4,1,5,5,2,5,4,3,2,4,4,4,2,3,4,4,1,3,1,1,2,2,3,5,4,2,1,4,5,4,3,4,33,56,43,39,50
202,57,Black or African American,,Single,Professional degree,20,Yes,,Very comfortable,Very comfortable,Florida,No,0,"Yes, I have ___ siblings",2,Yes,"$100,000 - $150,000","Management, professional, and related",Very good,2,5,4,4,1,2,5,1,2,5,3,1,5,1,5,5,1,3,2,5,2,1,4,4,2,2,4,1,4,1,5,5,2,3,4,3,1,4,3,4,2,3,5,5,2,2,1,1,1,1,4,5,5,3,2,4,4,1,1,4,28,56,48,29,54
203,61,White,,Single,Bachelor's degree,16,Yes,,Very comfortable,Very comfortable,Florida,No,0,"Yes, I have ___ siblings",1,No,"$35,000 - $49,999","Management, professional, and related",Good,5,5,2,3,1,2,5,1,3,4,2,2,4,4,5,3,1,3,2,4,3,1,2,3,1,3,4,1,3,1,1,5,4,1,5,2,1,5,3,5,1,3,5,3,1,3,1,1,2,1,3,5,5,3,4,2,3,2,,5,38,54,53,32,55
204,60,White,,Married,"Some college, no degree",15,Yes,,Very comfortable,Comfortable,Arizona,"Yes, I have ___ children",2,No,0,No,"$75,000 - $99,999",Sales and office,Very good,4,4,1,4,3,4,4,1,5,5,2,4,4,2,4,4,2,4,4,5,4,2,1,5,1,1,4,2,4,2,4,4,5,5,4,1,2,4,4,4,4,4,5,4,2,4,2,1,4,2,2,5,5,4,2,4,4,4,5,4,46,45,53,34,50
205,64,Hispanic,,Single,Associate degree,15,Yes,,Very comfortable,Very comfortable,California,No,0,No,0,No,"$20,000 - $34,999",Sales and office,Fair,2,5,4,5,1,4,5,4,5,5,5,2,4,3,4,4,1,5,4,5,4,1,4,4,2,4,5,4,2,1,4,4,4,3,5,3,2,4,5,5,4,2,5,5,2,4,2,1,2,2,4,5,4,2,1,4,4,4,2,5,34,54,41,32,56
206,55,Black or African American,,Single,Master's degree,18,Yes,,Very comfortable,Very comfortable,North Carolina,"Yes, I have ___ children",2,"Yes, I have ___ siblings",4,Yes,"$100,000 - $150,000","Management, professional, and related",Very good,4,5,2,4,3,4,5,1,4,4,2,1,5,3,5,3,5,5,3,5,4,1,1,5,1,3,5,2,5,2,1,5,5,4,5,1,3,5,1,5,5,4,5,5,1,4,3,1,3,1,3,5,5,2,3,5,2,4,4,5,49,46,55,27,54
207,65,Asian,,Married,Master's degree,18,Yes,,Very comfortable,Very comfortable,Indiana,,0,No,0,No,"$35,000 - $49,999",Service,Excellent,5,5,4,4,1,5,5,1,5,5,1,2,5,1,5,4,2,4,4,5,4,3,2,5,4,1,1,4,4,1,4,2,4,2,5,3,4,5,1,3,4,3,5,4,1,4,4,1,3,2,1,5,5,1,1,5,4,4,2,4,49,40,48,22,53
208,66,White,,Married,High school degree or equivalent,12,Yes,,Very comfortable,Very comfortable,Florida,No,0,"Yes, I have ___ siblings",4,No,"$20,000 - $34,999",Retired,Very good,2,4,3,4,3,1,3,3,4,4,3,2,4,2,3,4,3,3,2,3,1,1,2,4,3,3,3,3,4,3,5,3,2,3,3,4,3,3,2,3,3,4,4,4,4,2,3,3,3,3,4,3,3,2,3,2,4,2,2,3,24,40,39,26,36
209,64,White,,Married,Bachelor's degree,22,Yes,,Very comfortable,Very comfortable,Connecticut,"Yes, I have ___ children",1,"Yes, I have ___ siblings",2,No,"$100,000 - $150,000","Management, professional, and related",Very good,4,5,1,4,2,2,4,1,4,4,2,2,4,2,4,3,4,5,2,4,4,2,2,4,2,2,4,2,4,2,2,4,4,2,4,2,2,4,2,4,4,2,4,4,2,3,1,2,4,2,2,4,4,2,2,4,4,2,2,4,44,48,51,24,48
210,63,Black or African American,,Married,Master's degree,20,Yes,,Very comfortable,Very comfortable,Florida,No,0,"Yes, I have ___ siblings",6,Yes,"$100,000 - $150,000","Management, professional, and related",Excellent,4,5,2,4,3,3,4,3,4,4,4,4,3,4,3,4,3,4,4,3,3,4,3,4,2,4,3,3,4,5,3,4,3,4,4,3,4,5,3,3,4,3,4,5,3,4,3,4,4,5,3,4,3,5,3,4,3,4,5,3,37,38,39,36,35
211,61,Black or African American,,Married,Bachelor's degree,16,Yes,,Very comfortable,Very comfortable,Illinois,"Yes, I have ___ children",2,"Yes, I have ___ siblings",2,Yes,"$50,000 - $74,999","Construction, extraction, and maintenance",Good,2,5,1,5,1,3,5,1,5,5,4,1,5,1,5,5,4,5,1,5,2,1,1,5,1,1,5,1,5,1,4,5,5,2,5,4,2,5,1,5,5,2,5,5,1,4,1,1,1,1,4,5,5,1,1,5,5,1,1,5,35,55,60,17,60
212,61,White,,Married,Bachelor's degree,16,Yes,,Very comfortable,Very comfortable,North Dakota,"Yes, I have ___ children",2,"Yes, I have ___ siblings",2,Yes,"$100,000 - $150,000",Retired,Very good,1,4,1,2,3,4,4,1,3,4,2,3,4,1,2,3,1,4,4,3,2,1,1,3,4,1,2,2,5,3,4,4,3,3,4,3,3,5,2,2,3,3,4,3,2,3,3,1,4,2,4,4,5,1,3,2,3,1,4,3,34,43,54,31,37
213,60,White,,Single,"Some college, no degree",13,Yes,,Very comfortable,Very comfortable,Pennsylvania,"Yes, I have ___ children",1,"Yes, I have ___ siblings",4,No,"$75,000 - $99,999","Management, professional, and related",Very good,5,4,3,4,2,4,3,3,4,5,2,1,4,2,4,3,2,2,2,5,5,2,2,4,2,3,2,3,4,2,1,3,3,2,5,2,3,4,1,3,3,3,4,4,2,4,2,3,5,2,2,4,4,1,1,5,4,2,2,4,49,43,41,21,51
214,62,Hispanic,,Married,"Some college, no degree",12,Yes,,Very comfortable,Very comfortable,Texas,"Yes, I have ___ children",5,"Yes, I have ___ siblings",5,No,"$50,000 - $74,999",Service,Fair,1,4,1,2,4,1,5,1,3,2,3,2,5,4,1,5,1,5,4,1,1,1,2,3,2,3,4,2,4,4,5,5,5,4,2,3,2,4,2,3,4,3,5,3,2,2,2,1,4,3,4,5,5,2,4,3,3,1,4,2,25,51,57,37,28
215,68,White,,Divorced,Associate degree,14,Yes,,Very comfortable,Very comfortable,Massachusetts,"Yes, I have ___ children",1,"Yes, I have ___ siblings",1,No,"$20,000 - $34,999",Retired,Very good,3,5,3,4,2,5,5,4,4,5,2,3,4,3,4,3,5,4,4,5,4,3,4,5,2,2,4,2,4,2,4,5,4,3,5,2,3,4,2,4,2,4,4,4,5,4,1,4,5,1,3,5,5,3,4,5,4,2,2,4,43,45,42,27,47
216,60,White,,Widowed,Master's degree,18,Yes,,Very comfortable,Very comfortable,Tennessee,"Yes, I have ___ children",4,"Yes, I have ___ siblings",5,Yes,"$100,000 - $150,000","Management, professional, and related",Very good,4,5,4,4,2,4,5,1,4,5,1,2,5,2,4,4,1,4,4,5,2,2,4,4,2,1,5,2,4,1,4,5,4,4,5,2,1,4,4,5,4,2,5,4,1,4,1,2,2,1,4,5,5,2,1,4,5,1,2,5,42,57,49,32,57
217,51,Black or African American,,Married,Doctorate,23,Yes,,Very comfortable,Very comfortable,Virginia,"Yes, I have ___ children",2,"Yes, I have ___ siblings",2,Yes,"$100,000 - $150,000","Management, professional, and related",Very good,4,4,3,3,4,3,4,4,5,3,3,4,3,4,3,4,3,3,4,3,3,4,3,4,3,4,3,4,3,5,3,2,2,3,3,5,4,3,2,4,3,4,3,2,4,5,3,2,5,4,5,3,4,5,3,2,4,2,4,3,32,34,36,36,32
218,34,White,,Single,Bachelor's degree,16,Yes,,Very comfortable,Very comfortable,Michigan,No,0,"Yes, I have ___ siblings",1,No,"$50,000 - $74,999","Management, professional, and related",Very good,2,4,1,5,1,2,4,4,4,4,2,2,5,1,4,4,2,5,2,5,2,1,1,5,2,3,2,2,5,1,4,4,5,2,5,2,1,4,1,3,2,3,4,5,1,1,3,1,4,1,4,4,5,2,1,1,2,2,1,4,27,44,53,17,54
219,65,White,,Divorced,Bachelor's degree,4,Yes,,Very comfortable,Very comfortable,North Carolina,"Yes, I have ___ children",2,"Yes, I have ___ siblings",4,No,"$75,000 - $99,999","Management, professional, and related",Excellent,4,5,1,5,1,4,5,1,4,4,1,1,5,2,4,3,2,5,2,2,3,1,1,5,5,4,4,1,5,1,2,5,5,4,1,1,1,5,1,4,4,4,5,4,1,2,1,1,4,5,2,4,5,1,4,4,3,1,1,4,44,52,60,20,38
220,57,White,,Divorced,"Some college, no degree",12,Yes,,Very comfortable,Very comfortable,Florida,No,0,"Yes, I have ___ siblings",1,Yes,"$20,000 - $34,999",Sales and office,Poor,1,5,2,4,1,1,5,1,4,5,3,1,3,2,5,5,1,4,2,5,2,1,4,4,1,5,5,3,4,1,5,5,2,3,5,4,1,4,3,5,2,4,3,4,1,3,1,2,3,1,4,5,3,3,1,3,3,3,1,5,22,55,40,27,60
221,65,White,,Widowed,Doctorate,20,Yes,,Very comfortable,Comfortable,Pennsylvania,"Yes, I have ___ children",2,"Yes, I have ___ siblings",2,Yes,"$75,000 - $99,999",Retired,Very good,1,4,2,4,4,4,5,2,4,4,4,2,5,4,4,5,2,4,4,4,1,1,4,4,2,2,5,4,4,2,4,5,5,4,4,4,1,4,2,4,2,2,4,4,2,1,4,2,4,4,5,5,4,4,2,2,4,2,2,4,23,52,46,32,44
222,62,White,,Living with a partner,Master's degree,16,Yes,,Very comfortable,Very comfortable,California,"Yes, I have ___ children",1,No,0,Yes,"$75,000 - $99,999","Management, professional, and related",Good,1,4,2,5,4,4,4,2,4,4,5,2,4,2,3,5,4,4,2,4,1,1,1,5,5,4,4,2,4,2,5,1,4,2,4,4,2,4,1,2,2,4,4,5,2,2,1,4,4,2,4,4,5,1,4,2,3,2,2,2,21,42,48,19,36
223,60,Hispanic,,Single,Bachelor's degree,16,Yes,,Very comfortable,Very comfortable,Florida,No,0,"Yes, I have ___ siblings",4,No,"$50,000 - $74,999",Government,Fair,5,4,1,4,1,5,5,4,5,5,2,2,5,2,5,1,2,5,1,5,5,1,4,5,1,4,5,1,4,1,1,4,5,1,5,1,1,5,1,5,2,1,5,4,1,5,1,1,4,1,1,5,5,1,1,5,4,2,1,5,53,55,53,17,60
224,62,White,,Married,Bachelor's degree,18,Yes,,Very comfortable,Very comfortable,Georgia,"Yes, I have ___ children",2,"Yes, I have ___ siblings",1,Yes,"$100,000 - $150,000","Construction, extraction, and maintenance",Good,4,5,2,3,2,3,5,1,4,4,3,1,4,1,4,4,2,3,3,3,3,1,2,4,2,2,4,2,3,2,4,5,3,4,4,2,2,4,3,4,4,4,5,4,2,4,2,1,3,3,3,5,5,2,3,4,4,3,3,4,40,52,49,31,45
225,58,White,,Married,Master's degree,18,Yes,,Very comfortable,Very comfortable,Florida,No,0,No,0,No,"Over $150,000","Management, professional, and related",Very good,5,5,1,5,1,4,5,1,5,5,1,1,5,1,5,2,1,4,1,4,5,1,1,5,2,1,5,1,5,1,1,5,5,1,4,1,1,5,1,5,5,2,5,5,1,4,1,1,5,2,1,5,5,1,1,5,4,1,1,5,57,58,59,12,56
226,58,White,,Married,Master's degree,18,Yes,,Very comfortable,Very comfortable,California,"Yes, I have ___ children",1,No,0,No,"$100,000 - $150,000",Unemployed,Good,1,4,2,5,4,1,5,2,4,2,2,2,5,1,1,5,2,5,2,2,1,1,1,4,5,2,4,2,4,5,5,5,4,2,3,4,1,5,1,1,1,1,5,5,4,1,1,1,4,4,5,5,5,1,5,2,4,1,1,1,20,55,56,18,19
227,47,Black or African American,,Divorced,Bachelor's degree,24,Yes,,Very comfortable,Very comfortable,Virginia,"Yes, I have ___ children",2,"Yes, I have ___ siblings",4,Yes,"$75,000 - $99,999",Sales and office,Very good,4,2,2,5,2,2,3,2,4,2,2,4,4,1,4,3,2,4,1,3,2,4,2,4,1,5,3,1,4,2,4,2,3,1,1,3,4,3,1,2,3,2,4,3,2,3,4,2,3,1,1,2,3,2,3,1,3,2,3,5,33,31,46,22,42
228,74,Black or African American,,Married,Professional degree,24,Yes,,Very comfortable,Very comfortable,New York,"Yes, I have ___ children",1,"Yes, I have ___ siblings",1,Yes,"$100,000 - $150,000",Government,Excellent,5,4,2,4,2,2,4,1,4,4,1,2,4,3,5,4,4,4,2,5,4,2,2,5,2,1,5,1,5,2,4,4,4,2,5,2,1,5,2,5,5,2,4,4,2,3,1,1,5,4,4,4,4,1,2,4,4,2,3,5,43,49,52,22,51
229,57,White,,Married,Associate degree,14,Yes,,Very comfortable,Very comfortable,Texas,"Yes, I have ___ children",2,"Yes, I have ___ siblings",5,No,"$50,000 - $74,999","Management, professional, and related",Good,4,4,2,4,2,2,4,2,4,4,2,2,4,2,4,4,1,4,4,4,2,1,2,4,2,3,4,2,4,2,4,4,4,4,4,2,4,4,3,3,2,2,4,4,2,4,2,2,4,2,2,4,4,2,2,4,4,2,2,4,37,48,48,29,47
230,62,White,,Divorced,Bachelor's degree,16,Yes,,Very comfortable,Very comfortable,Florida,"Yes, I have ___ children",2,"Yes, I have ___ siblings",2,No,"$35,000 - $49,999",Retired,Excellent,4,4,1,5,2,3,5,1,5,5,2,1,5,1,4,4,4,4,1,3,4,1,2,5,1,1,5,1,5,2,4,5,5,1,4,2,1,5,1,5,4,1,5,5,1,3,1,1,5,4,4,5,5,1,1,4,4,1,1,4,41,55,58,12,50
231,60,"Other, please specify:",Sephardic Jew,Single,Bachelor's degree,18,Yes,,Very comfortable,Very comfortable,Washington,"Yes, I have ___ children",1,"Yes, I have ___ siblings",1,No,"$35,000 - $49,999","Management, professional, and related",Good,5,2,2,4,1,4,5,1,2,5,5,1,4,1,5,4,4,5,5,5,4,1,5,1,2,4,1,4,4,1,1,5,5,4,5,2,1,4,5,5,1,2,5,5,1,4,4,1,1,3,2,5,5,5,1,3,4,2,1,5,39,45,49,40,57
232,68,White,,Married,"Some college, no degree",15,Yes,,Very comfortable,Very comfortable,Michigan,"Yes, I have ___ children",2,"Yes, I have ___ siblings",2,No,"$35,000 - $49,999",Retired,Poor,4,5,2,1,2,1,5,1,1,5,5,1,5,4,2,2,1,5,5,2,1,1,1,3,4,4,5,1,1,4,2,5,5,5,2,3,1,4,5,4,1,4,5,5,4,2,1,1,1,4,4,5,4,5,4,1,2,1,5,2,26,54,57,53,31
233,59,Black or African American,,Married,Bachelor's degree,16,Yes,,Very comfortable,Very comfortable,New York,"Yes, I have ___ children",3,"Yes, I have ___ siblings",1,No,"$100,000 - $150,000","Management, professional, and related",Very good,5,5,1,5,1,5,5,1,5,5,1,1,5,1,5,1,5,5,1,5,5,1,1,5,3,1,5,1,5,1,1,5,5,1,5,1,1,5,1,5,5,1,5,5,1,5,1,1,1,1,3,5,2,2,1,5,5,3,1,5,58,56,55,17,58
234,58,Black or African American,,Married,Master's degree,17,Yes,,Very comfortable,Very comfortable,New Hampshire,"Yes, I have ___ children",3,"Yes, I have ___ siblings",4,Yes,"$100,000 - $150,000","Production, transportation, and material moving",Very good,5,5,2,4,3,4,5,1,4,4,2,3,5,3,4,4,5,5,3,4,5,3,3,5,2,3,5,3,5,3,4,4,4,3,5,3,3,5,3,4,5,3,5,5,4,5,2,3,3,3,4,5,5,3,4,5,5,3,3,5,45,46,50,28,43
235,57,White,,Divorced,Bachelor's degree,16,Yes,,Very comfortable,Very comfortable,New Hampshire,"Yes, I have ___ children",3,"Yes, I have ___ siblings",1,No,"$35,000 - $49,999","Production, transportation, and material moving",Fair,5,5,4,1,1,5,5,3,4,5,1,4,4,4,4,1,1,4,5,5,5,2,4,4,1,3,4,4,1,1,1,5,3,5,5,3,3,4,5,5,4,5,4,1,1,5,1,3,5,1,1,5,5,5,1,4,3,2,4,4,54,47,40,48,58
236,63,White,,Divorced,"Some college, no degree",13,Yes,,Very comfortable,Very comfortable,Georgia,No,0,"Yes, I have ___ siblings",3,No,"$75,000 - $99,999","Management, professional, and related",Good,5,5,1,5,1,2,5,1,5,5,1,1,5,1,5,1,1,3,1,5,4,1,1,5,1,1,4,1,5,1,1,5,4,1,5,1,1,5,1,5,4,2,5,5,1,5,1,1,3,1,1,5,5,1,1,5,5,1,1,5,55,58,57,14,60
237,63,White,,Single,"Some college, no degree",13,Yes,,Very comfortable,Very comfortable,Florida,No,0,"Yes, I have ___ siblings",1,No,"$50,000 - $74,999","Management, professional, and related",Good,2,2,1,3,1,2,2,3,4,4,2,2,4,1,4,4,2,4,3,4,4,1,4,3,1,4,3,2,5,1,4,4,4,2,5,2,4,4,1,2,3,4,3,4,1,2,3,2,3,2,2,4,4,1,2,3,3,4,1,4,34,38,43,23,51
238,73,White,,Married,Doctorate,12,Yes,,Very comfortable,Very comfortable,Maryland,"Yes, I have ___ children",2,"Yes, I have ___ siblings",7,No,"$75,000 - $99,999","Management, professional, and related",Good,3,5,1,3,2,4,5,1,5,5,1,3,5,2,5,4,2,5,4,4,5,1,1,5,3,2,5,1,4,1,4,5,5,4,5,3,1,5,1,3,4,1,5,5,2,3,1,1,1,4,5,5,5,2,1,3,4,1,3,5,39,56,60,29,50
239,55,White,,Single,Bachelor's degree,16,Yes,,Very comfortable,Very comfortable,Florida,No,0,No,0,No,"$20,000 - $34,999","Construction, extraction, and maintenance",Fair,5,2,1,5,1,5,4,5,5,5,1,5,5,1,4,2,2,5,4,5,5,5,4,5,2,3,4,2,5,1,2,4,5,1,5,1,5,5,1,2,2,3,5,4,1,5,4,2,4,4,1,4,4,1,3,4,4,3,1,4,52,34,48,17,49
240,59,White,,Married,High school degree or equivalent,12,Yes,,Very comfortable,Very comfortable,Oregon,No,0,"Yes, I have ___ siblings",1,No,"$50,000 - $74,999","Management, professional, and related",Good,5,5,1,5,1,4,5,,5,5,1,1,5,1,5,1,1,5,1,4,3,1,1,5,1,3,5,1,5,1,1,5,5,1,5,1,1,5,1,5,5,1,5,5,1,5,1,1,5,2,3,5,5,1,1,5,5,1,1,5,53,60,55,12,58
241,59,White,,Divorced,"Some college, no degree",15,Yes,,Very comfortable,Very comfortable,Colorado,No,0,"Yes, I have ___ siblings",2,No,"$10,000 - $19,999",Service,Good,3,5,4,2,1,2,4,4,2,5,2,4,2,4,5,3,4,4,4,5,1,3,4,4,1,1,4,4,2,1,4,2,4,5,5,3,3,3,4,5,3,4,2,4,1,3,3,2,2,1,4,4,3,4,1,2,3,4,3,5,33,37,32,44,60
242,80,White,,Widowed,High school degree or equivalent,12,Yes,,Very comfortable,Very comfortable,Kentucky,"Yes, I have ___ children",1,"Yes, I have ___ siblings",3,Yes,"$35,000 - $49,999",Retired,Good,2,5,1,2,1,3,5,1,3,3,1,1,4,2,4,3,1,5,4,1,1,1,1,5,3,2,5,1,4,1,3,5,5,1,2,1,1,4,1,1,4,2,5,4,2,3,1,1,1,1,3,5,4,3,5,5,4,1,3,4,41,58,57,31,38
243,74,White,,Divorced,Professional degree,20,Yes,,Very comfortable,Very comfortable,Louisiana,"Yes, I have ___ children",1,"Yes, I have ___ siblings",1,No,"$35,000 - $49,999",Retired,Very good,4,5,1,5,1,4,5,1,5,5,1,1,5,1,5,2,1,4,1,5,3,1,1,5,1,1,5,1,5,1,2,5,4,1,5,2,1,5,1,5,4,1,5,3,1,4,1,1,5,1,4,5,5,1,1,4,5,1,1,4,47,60,58,14,59
244,38,Black or African American,,Married,Bachelor's degree,16,Yes,,Very comfortable,Very comfortable,New York,"Yes, I have ___ children",2,No,0,Yes,"$75,000 - $99,999","Management, professional, and related",Excellent,4,5,1,4,4,3,4,2,1,2,4,3,4,2,2,3,3,4,3,4,4,5,4,4,3,4,4,3,4,3,4,5,4,4,4,3,4,4,3,4,4,5,4,4,4,5,4,3,3,3,4,4,4,5,4,4,4,5,4,4,38,38,42,37,35
245,69,White,,Divorced,"Some college, no degree",14,Yes,,Very comfortable,Very comfortable,Texas,"Yes, I have ___ children",3,"Yes, I have ___ siblings",3,No,"$20,000 - $34,999",Retired,Good,5,5,1,5,1,3,5,1,5,5,1,1,5,1,4,4,1,5,1,5,3,1,1,5,5,2,5,1,5,1,2,5,5,1,5,2,1,5,1,5,5,1,5,5,1,5,1,1,5,1,1,5,5,1,1,5,5,1,1,5,50,60,60,12,55
246,63,White,,Single,Bachelor's degree,16,Yes,,Very comfortable,Very comfortable,Texas,No,0,"Yes, I have ___ siblings",9,Yes,"$50,000 - $74,999","Management, professional, and related",Very good,3,5,1,5,1,2,5,1,5,5,1,1,5,1,3,3,1,5,1,5,3,1,1,5,1,1,3,1,5,1,3,5,5,1,5,3,2,5,1,5,3,1,5,5,1,3,1,1,5,1,3,5,5,1,1,4,3,1,1,4,40,55,60,12,57
247,65,White,,Living with a partner,Associate degree,14,Yes,,Very comfortable,Very comfortable,Missouri,No,0,"Yes, I have ___ siblings",1,Yes,"$50,000 - $74,999",Sales and office,Good,5,5,1,5,1,2,5,1,4,5,1,1,5,1,5,1,1,4,1,5,4,1,1,5,1,1,5,1,5,1,1,5,5,2,5,2,1,5,1,5,5,2,5,5,1,5,1,1,5,1,1,5,5,1,1,5,5,1,1,5,55,59,59,14,60
248,60,White,,Living with a partner,High school degree or equivalent,12,Yes,,Very comfortable,Comfortable,New Jersey,No,0,"Yes, I have ___ siblings",1,Yes,"$50,000 - $74,999",Sales and office,Fair,3,4,2,2,3,3,4,1,3,3,4,4,4,3,3,4,1,5,4,3,1,1,2,4,4,4,4,2,3,3,3,5,4,4,4,3,1,4,3,4,3,3,4,3,2,3,1,1,3,3,4,5,4,3,3,4,3,1,2,3,31,50,52,37,38
249,63,White,,Living with a partner,Bachelor's degree,16,Yes,,Very comfortable,Very comfortable,Utah,"Yes, I have ___ children",1,No,0,Yes,"$100,000 - $150,000","Construction, extraction, and maintenance",Good,4,5,1,5,4,1,1,1,5,2,1,1,1,1,1,4,5,4,3,3,4,1,5,5,1,3,5,5,2,4,1,1,1,1,5,4,1,3,1,5,4,1,5,4,1,1,1,1,1,4,4,5,4,1,4,5,5,1,2,1,38,48,40,23,35
250,62,White,,Married,Bachelor's degree,14,Yes,,Very comfortable,Very comfortable,Maryland,"Yes, I have ___ children",0,"Yes, I have ___ siblings",4,No,"$100,000 - $150,000","Construction, extraction, and maintenance",Good,4,5,3,4,2,4,3,4,4,3,4,5,3,4,3,4,5,4,5,3,5,3,4,3,4,5,4,5,3,5,4,3,4,5,3,4,3,2,4,3,4,3,5,4,3,4,2,3,5,4,3,4,2,4,3,5,4,5,4,3,38,38,32,39,33
251,61,White,,Divorced,Master's degree,18,Yes,,Very comfortable,Very comfortable,Georgia,"Yes, I have ___ children",3,"Yes, I have ___ siblings",3,No,"$35,000 - $49,999",Unemployed,Very good,5,5,1,5,4,4,5,1,5,3,3,1,5,1,2,1,1,4,2,3,3,1,1,5,1,3,4,1,5,3,2,5,5,1,3,2,1,5,2,3,3,1,5,5,3,5,2,1,4,3,3,5,5,1,3,4,4,1,1,3,46,57,59,15,36
252,69,White,,Married,Bachelor's degree,16,Yes,,Very comfortable,Very comfortable,Indiana,"Yes, I have ___ children",3,"Yes, I have ___ siblings",2,Yes,"$100,000 - $150,000",Service,Very good,5,5,1,5,5,5,5,1,5,5,1,1,5,1,4,1,1,5,1,5,5,1,1,5,1,1,5,1,4,1,1,5,5,1,5,1,1,5,1,5,5,5,5,5,1,4,1,1,5,1,1,5,4,1,1,4,4,5,1,5,58,55,55,13,55
253,61,"Other, please specify:",mixed,Married,Bachelor's degree,16,Yes,,Very comfortable,Very comfortable,Texas,"Yes, I have ___ children",6,"Yes, I have ___ siblings",3,Yes,"$35,000 - $49,999",Service,Very good,3,3,3,3,3,3,3,1,3,3,3,3,3,3,3,3,3,3,3,3,2,4,2,3,3,3,2,3,3,3,2,2,3,4,3,3,2,3,3,3,3,3,3,3,3,4,3,3,3,3,3,3,3,3,3,3,3,3,3,3,37,34,39,37,36
254,69,White,,Married,Bachelor's degree,14,Yes,,Very comfortable,Very comfortable,Virginia,"Yes, I have ___ children",3,"Yes, I have ___ siblings",2,Yes,"$50,000 - $74,999",Sales and office,Excellent,5,5,1,5,4,4,5,1,4,4,1,1,4,2,4,4,1,5,1,4,5,1,1,4,4,1,5,1,5,1,1,4,4,1,4,1,1,5,1,1,5,1,3,4,1,1,1,1,1,1,4,5,5,1,1,4,5,1,1,5,48,59,56,20,46
255,66,White,,Married,Bachelor's degree,14,Yes,,Comfortable,Comfortable,Wisconsin,"Yes, I have ___ children",2,"Yes, I have ___ siblings",5,Yes,"$100,000 - $150,000",Sales and office,Good,4,3,5,4,2,3,5,4,3,5,4,3,2,4,3,5,4,2,3,5,4,5,3,2,3,4,3,2,5,4,4,3,4,3,5,4,3,2,4,3,4,5,3,2,4,,3,4,3,5,3,4,2,4,3,5,4,3,5,3,32,35,30,40,39
256,61,White,,Married,High school degree or equivalent,12,Yes,,Very comfortable,Very comfortable,Kentucky,"Yes, I have ___ children",2,"Yes, I have ___ siblings",2,Yes,"$50,000 - $74,999","Management, professional, and related",Good,4,5,1,4,1,4,4,1,4,4,2,2,4,1,4,1,1,4,2,4,4,1,1,4,1,1,4,1,4,2,1,4,4,1,4,1,1,4,1,4,4,4,4,4,2,4,2,2,2,2,1,4,4,1,1,4,3,2,2,4,53,49,52,22,51
257,62,White,,Divorced,Master's degree,20,Yes,,Very comfortable,Very comfortable,Minnesota,"Yes, I have ___ children",2,"Yes, I have ___ siblings",2,Yes,"$100,000 - $150,000","Management, professional, and related",Very good,5,3,1,4,1,5,4,1,5,4,1,1,5,2,3,1,2,3,2,5,5,1,1,5,3,1,4,1,5,3,1,4,4,1,5,2,3,5,1,2,5,2,5,4,3,5,4,1,5,2,1,4,5,1,3,4,4,3,1,3,58,46,55,16,43
258,67,White,,Married,Bachelor's degree,16,Yes,,Very comfortable,Very comfortable,New York,No,0,"Yes, I have ___ siblings",3,No,"$75,000 - $99,999",Retired,Fair,,3,3,2,1,1,4,,2,5,5,2,2,5,5,,3,3,4,4,1,1,5,3,1,4,4,3,2,1,5,3,3,5,4,4,3,3,5,4,1,1,1,2,1,1,2,2,1,1,3,4,3,5,1,1,1,1,3,4,14,43,31,51,56
259,67,Black or African American,,Married,Master's degree,19,Yes,,Very comfortable,Very comfortable,Ohio,"Yes, I have ___ children",3,"Yes, I have ___ siblings",2,Yes,"$75,000 - $99,999",Sales and office,Very good,4,5,1,4,4,5,5,1,5,5,2,1,5,4,4,4,1,5,4,5,4,1,4,5,1,1,5,1,4,4,5,5,5,2,5,2,1,5,4,5,5,1,5,5,2,5,1,1,4,4,4,5,5,1,2,5,5,1,5,5,46,60,57,29,48
260,66,White,,Married,Bachelor's degree,17,Yes,,Very comfortable,Very comfortable,Kentucky,"Yes, I have ___ children",4,"Yes, I have ___ siblings",4,Yes,"$100,000 - $150,000","Management, professional, and related",Very good,5,5,1,5,1,2,5,1,5,5,1,1,5,3,4,4,4,5,2,4,2,1,1,5,1,1,5,1,5,1,3,5,5,2,5,3,1,5,1,4,5,1,5,5,1,4,1,1,4,1,3,5,5,1,1,5,5,2,3,4,44,57,59,19,56
261,66,White,,Divorced,Master's degree,20,Yes,,Very comfortable,Very comfortable,Arkansas,"Yes, I have ___ children",4,"Yes, I have ___ siblings",3,Yes,"Over $150,000",Retired,Fair,2,5,1,5,3,5,5,1,5,5,2,1,5,1,5,5,5,5,3,3,1,1,1,5,1,5,5,3,5,5,5,5,5,2,5,1,5,5,1,5,5,3,5,5,1,3,3,1,3,1,5,5,5,1,3,4,5,2,1,5,33,48,57,17,50
262,37,White,,Married,Bachelor's degree,16,Yes,,Very comfortable,Very comfortable,Colorado,"Yes, I have ___ children",3,"Yes, I have ___ siblings",3,Yes,"$100,000 - $150,000",Service,Very good,4,4,2,4,3,4,4,1,4,5,4,2,4,2,5,4,4,5,4,4,4,5,3,4,4,3,4,2,4,2,2,4,4,4,4,5,2,4,5,4,4,4,5,4,4,4,5,2,4,4,4,4,5,2,3,4,4,2,4,4,38,38,51,33,42
263,59,White,,Married,Associate degree,14,Yes,,Very comfortable,Very comfortable,Minnesota,No,0,"Yes, I have ___ siblings",3,No,"$35,000 - $49,999","Management, professional, and related",Fair,2,5,1,4,4,3,5,1,5,4,1,1,5,1,5,5,1,5,1,1,4,1,1,5,1,1,5,1,5,2,5,5,5,3,1,1,1,5,1,3,5,1,5,4,1,1,1,1,5,4,1,5,5,1,4,4,4,1,1,4,41,59,60,16,38
264,65,White,,Single,Bachelor's degree,16,Yes,,Very comfortable,Very comfortable,Florida,No,0,"Yes, I have ___ siblings",2,No,"$10,000 - $19,999",Retired,Good,1,2,4,5,1,2,4,2,5,5,4,4,5,1,4,5,4,4,2,5,2,2,1,5,1,5,4,2,5,1,5,3,1,1,5,2,3,5,2,5,3,4,5,5,1,2,4,3,5,3,4,4,5,1,1,2,4,1,1,4,23,36,48,14,56
265,75,White,,Married,Master's degree,18,Yes,,Very comfortable,Very comfortable,Washington,"Yes, I have ___ children",2,"Yes, I have ___ siblings",2,No,"Over $150,000",Retired,Excellent,4,5,1,4,1,3,5,1,4,5,2,2,5,1,5,2,2,5,2,5,3,1,1,5,1,2,5,1,5,1,2,5,5,2,5,3,2,4,2,5,4,2,5,4,1,3,2,1,4,1,3,5,5,1,1,4,4,1,1,5,43,54,59,19,60
266,64,White,,Widowed,Bachelor's degree,17,Yes,,Very comfortable,Very comfortable,North Carolina,"Yes, I have ___ children",2,"Yes, I have ___ siblings",2,No,"$20,000 - $34,999","Management, professional, and related",Very good,4,4,2,4,2,4,4,2,4,4,2,2,4,2,4,2,2,3,2,4,4,2,2,4,2,2,4,2,4,2,2,4,3,2,4,2,2,4,2,4,4,2,4,4,2,4,2,2,4,2,2,4,4,2,2,4,4,2,2,4,48,48,46,24,48
267,66,Black or African American,,Divorced,Bachelor's degree,16,Yes,,Very comfortable,Very comfortable,North Carolina,"Yes, I have ___ children",3,"Yes, I have ___ siblings",3,Yes,"$50,000 - $74,999",Retired,Good,2,2,1,3,4,1,5,1,4,4,4,2,5,1,5,4,2,5,2,2,5,1,1,4,1,1,3,2,5,3,3,4,4,2,4,2,1,5,1,3,4,1,5,4,2,3,1,1,3,3,4,5,5,1,4,3,4,1,1,4,36,51,58,21,41
268,61,White,,Single,,14,Yes,,Very comfortable,Very comfortable,Tennessee,"Yes, I have ___ children",1,"Yes, I have ___ siblings",7,No,"$50,000 - $74,999","Management, professional, and related",Excellent,5,5,1,4,5,2,5,2,5,4,1,4,5,1,1,4,4,5,4,4,1,1,1,5,2,1,4,1,5,5,4,5,5,2,4,4,2,5,1,2,5,4,5,4,5,5,4,1,4,2,5,5,5,1,4,5,4,1,2,1,40,45,59,20,29
269,62,White,,Divorced,Bachelor's degree,17,Yes,,Very comfortable,Very comfortable,Maryland,,0,"Yes, I have ___ siblings",2,No,"$100,000 - $150,000","Management, professional, and related",Poor,5,5,5,4,1,4,5,2,4,5,4,2,2,3,4,2,5,1,3,5,5,1,5,4,1,5,5,5,4,1,1,5,1,5,5,1,1,4,5,5,1,4,2,5,1,5,4,4,2,1,2,5,4,5,1,4,3,5,5,5,45,47,24,39,59
270,61,White,,Married,High school degree or equivalent,12,Yes,,Very comfortable,Very comfortable,Illinois,"Yes, I have ___ children",2,"Yes, I have ___ siblings",4,Yes,"$75,000 - $99,999",Unemployed,Very good,4,5,1,4,2,4,5,1,4,4,2,4,5,1,5,4,5,5,4,1,4,1,1,5,3,2,5,1,4,4,4,5,5,4,2,2,2,5,1,2,3,3,5,4,3,2,2,1,2,2,2,5,5,1,3,4,4,1,1,3,41,48,60,25,36
271,67,White,,Married,High school degree or equivalent,12,Yes,,Very comfortable,Very comfortable,Florida,"Yes, I have ___ children",3,"Yes, I have ___ siblings",1,No,"$75,000 - $99,999",Retired,Fair,4,5,1,5,1,2,4,1,5,5,1,2,5,1,4,3,2,4,1,5,4,2,1,5,1,4,4,1,5,2,4,4,4,1,5,2,2,5,1,5,4,2,4,5,1,3,2,2,5,1,2,4,5,1,1,3,4,2,1,5,40,49,55,12,58
272,61,White,,Divorced,Bachelor's degree,16,Yes,,Very comfortable,Very comfortable,Michigan,"Yes, I have ___ children",2,"Yes, I have ___ siblings",2,No,"$75,000 - $99,999","Management, professional, and related",Very good,3,4,1,4,4,3,5,1,4,4,2,2,5,2,2,3,2,5,4,4,3,1,2,4,2,2,2,1,4,4,4,4,5,4,4,4,1,5,4,4,3,2,5,4,4,3,2,1,2,2,2,5,5,2,2,3,4,4,2,2,37,50,56,32,38
273,66,White,,Divorced,Master's degree,18,Yes,,Very comfortable,Very comfortable,Virginia,"Yes, I have ___ children",1,"Yes, I have ___ siblings",1,No,"$35,000 - $49,999",Sales and office,Good,4,4,5,4,2,4,3,5,3,5,2,4,4,4,4,4,3,2,4,3,3,2,4,3,3,2,2,4,3,3,4,2,1,3,3,2,4,4,3,4,2,4,4,3,3,4,4,5,2,3,3,4,4,4,2,3,3,4,4,4,39,33,28,40,43
274,65,White,,Married,Bachelor's degree,16,Yes,,Very comfortable,Very comfortable,Michigan,"Yes, I have ___ children",1,"Yes, I have ___ siblings",4,No,"$50,000 - $74,999",Retired,Very good,5,5,1,2,1,4,5,1,4,5,1,2,5,2,5,2,5,5,4,5,5,2,1,5,1,3,2,1,2,1,1,5,5,4,5,1,2,5,2,5,4,2,5,3,1,5,1,1,4,2,1,5,5,1,1,5,4,1,1,5,55,48,60,30,59
275,60,"Other, please specify:",human,Single,Doctorate,24,Yes,,Very comfortable,Very comfortable,Texas,No,0,"Yes, I have ___ siblings",2,No,"$35,000 - $49,999","Management, professional, and related",Very good,5,4,2,4,1,4,4,1,4,5,1,2,4,2,5,2,2,4,3,5,4,3,2,5,1,1,4,2,5,1,2,4,4,1,5,1,4,5,1,5,5,2,4,5,1,4,2,2,5,1,3,3,5,1,1,4,4,1,1,5,52,44,52,17,60
276,67,White,,Widowed,Master's degree,22,Yes,,Very comfortable,Very comfortable,New York,"Yes, I have ___ children",3,"Yes, I have ___ siblings",4,Yes,"$35,000 - $49,999",Unemployed,Fair,3,5,3,5,1,2,5,3,4,5,2,2,4,2,5,4,1,3,1,5,4,1,3,4,1,5,5,3,5,1,3,5,3,2,5,3,1,4,1,5,3,1,4,5,1,2,1,3,5,1,2,5,3,1,1,4,5,3,2,5,35,59,39,17,60
277,71,Black or African American,,Divorced,"Some college, no degree",13,Yes,,Very comfortable,Very comfortable,Georgia,"Yes, I have ___ children",4,"Yes, I have ___ siblings",1,Yes,"$10,000 - $19,999",Retired,Fair,1,5,1,1,5,4,5,1,2,5,4,1,5,5,5,5,5,5,5,5,1,5,1,2,2,5,4,1,5,4,5,5,5,5,5,4,1,5,5,5,2,5,5,1,5,1,1,5,1,4,4,5,5,5,1,4,4,1,5,5,22,46,56,54,45
278,64,White,,Married,High school degree or equivalent,12,Yes,,Very comfortable,Very comfortable,New York,"Yes, I have ___ children",2,"Yes, I have ___ siblings",2,Yes,"$50,000 - $74,999",Retired,Good,5,5,2,3,5,4,5,2,2,5,1,4,4,2,5,2,1,4,4,5,4,1,4,4,1,4,4,2,3,2,4,5,3,4,5,2,3,5,1,5,2,4,5,4,1,4,1,2,2,5,2,5,5,1,1,4,3,2,4,5,44,49,48,34,51
279,60,White,,Single,"Some college, no degree",13,Yes,,Very comfortable,Very comfortable,Pennsylvania,"Yes, I have ___ children",1,"Yes, I have ___ siblings",4,No,"$75,000 - $99,999","Management, professional, and related",Very good,5,4,3,4,2,4,3,3,4,5,2,1,4,2,4,3,2,2,2,5,5,2,2,4,2,3,2,3,4,2,1,3,3,2,5,2,3,4,1,3,3,3,4,4,2,4,2,3,5,2,2,4,4,1,1,5,4,2,2,4,49,43,41,21,51
